1 36 2 2 35 1 0 0 0.1
2 43 10 12 36 3 0 85.8274 0.1
3 32 12 21 32 12 0 376.225 0.1
4 105 23 34 92 10 0 3340.03 0.1
5 381 52 67 292 4 0 21586.4 0.1
6 1010 70 90 796 2 0 82453.1 0.1
7 1057 66 106 861 2 0 90978.2 0.1
8 1080 65 122 887 2 0 93895.6 0.1
9 1081 58 141 898 2 0 95962 0.1
10 1063 61 157 867 2 0 91188.3 0.1
11 1053 57 175 849 2 0 88358.8 0.1
12 1083 53 185 900 2 0 96678.5 0.1
13 1090 48 195 907 2 0 97489.7 0.1
14 1072 55 205 883 2 0 93534.1 0.1
15 1075 58 223 886 2 0 93763.3 0.1
16 1074 58 234 883 2 0 93274.2 0.1
17 1056 55 245 854 2 0 90080.2 0.1
18 1112 66 262 925 3 0 110027 0.1
19 1545 77 282 1291 3 0 191228 0.1
20 1539 74 294 1265 3 0 190974 0.1
21 1541 68 303 1244 2 0 192435 0.1
22 1532 58 307 1233 2 0 189444 0.1
23 1557 61 319 1267 2 0 197250 0.1
24 1548 70 339 1257 2 0 194462 0.1
25 1573 63 347 1311 2 0 206951 0.1
26 1551 65 363 1272 2 0 197840 0.1
27 1548 56 372 1265 2 0 195180 0.1
28 1542 64 381 1262 2 0 194824 0.1
29 1538 65 393 1255 2 0 192669 0.1
30 1530 65 398 1238 2 0 190003 0.1
31 1530 68 409 1241 2 0 189562 0.1
32 1519 69 417 1228 2 0 186035 0.1
33 1554 66 422 1280 2 0 199119 0.1
34 1524 72 431 1228 2 0 187837 0.1
35 1564 57 439 1293 2 0 202799 0.1
36 1565 62 447 1292 2 0 203132 0.1
37 1570 64 451 1301 2 0 204132 0.1
38 1553 57 454 1272 2 0 198198 0.1
39 1564 57 461 1290 2 0 201690 0.1
40 1564 56 466 1300 2 0 202835 0.1
41 1568 69 471 1306 2 0 204299 0.1
42 1575 73 476 1319 2 0 207406 0.1
43 1513 67 483 1208 2 0 182617 0.1
44 1495 71 487 1183 2 0 177872 0.1
45 1493 70 490 1175 2 0 176711 0.1
46 1534 65 495 1243 2 0 189985 0.1
47 1534 66 501 1241 2 0 189935 0.1
48 1540 69 507 1261 2 0 194329 0.1
49 1552 62 508 1280 2 0 197904 0.1
50 1541 67 512 1249 2 0 191277 0.1
51 1550 61 514 1267 2 0 196155 0.1
52 1545 65 520 1252 2 0 192750 0.1
53 1544 66 525 1269 2 0 195135 0.1
54 1545 65 527 1274 2 0 197130 0.1
55 1544 64 529 1260 2 0 196162 0.1
56 1553 61 530 1275 2 0 198457 0.1
57 1550 61 532 1266 2 0 195183 0.1
58 1561 57 536 1291 2 0 201443 0.1
59 1577 64 540 1302 2 0 204648 0.1
60 1543 69 541 1253 2 0 192433 0.1
61 1549 62 541 1266 2 0 193301 0.1
62 1563 61 545 1291 2 0 200469 0.1
63 1550 61 548 1265 2 0 196379 0.1
64 1555 61 549 1277 2 0 198174 0.1
65 1550 64 550 1264 2 0 195784 0.1
66 1562 63 550 1298 2 0 202542 0.1
67 1559 67 553 1294 2 0 201821 0.1
68 1559 68 555 1285 2 0 199958 0.1
69 1536 64 555 1244 2 0 192287 0.1
70 1511 66 557 1211 2 0 183619 0.1
71 1517 61 557 1217 2 0 185196 0.1
72 1519 59 558 1223 2 0 186751 0.1
73 1540 57 559 1254 2 0 194420 0.1
74 1562 60 561 1285 2 0 201061 0.1
75 1589 59 563 1334 2 0 211513 0.1
76 1574 60 565 1313 2 0 204903 0.1
77 1553 61 566 1282 2 0 198537 0.1
78 1550 57 570 1274 2 0 197316 0.1
79 1550 62 572 1276 2 0 197920 0.1
80 1521 63 573 1215 2 0 185498 0.1
81 1535 64 573 1238 2 0 190252 0.1
82 1563 64 575 1287 2 0 201229 0.1
83 1540 72 579 1249 2 0 191102 0.1
84 1541 66 581 1251 2 0 193517 0.1
85 1561 68 582 1292 2 0 202145 0.1
86 1551 68 582 1277 2 0 198708 0.1
87 1537 61 583 1246 2 0 192002 0.1
88 1549 68 583 1270 2 0 196612 0.1
89 1550 62 584 1267 2 0 198129 0.1
90 1526 60 586 1230 2 0 188657 0.1
91 1529 59 588 1237 2 0 189174 0.1
92 1546 63 590 1264 2 0 196267 0.1
93 1524 65 590 1226 2 0 188398 0.1
94 1558 69 590 1268 2 0 196863 0.1
95 1558 66 590 1272 2 0 198489 0.1
96 1534 69 593 1239 2 0 190128 0.1
97 1518 70 594 1226 2 0 186187 0.1
98 1577 57 598 1313 2 0 206867 0.1
99 1544 52 598 1259 2 0 195063 0.1
100 1579 49 600 1312 2 0 207956 0.1
101 1555 62 602 1266 2 0 196518 0.1
102 1572 61 603 1303 2 0 205656 0.1
103 1569 58 606 1307 2 0 203696 0.1
104 1561 64 607 1290 2 0 200588 0.1
105 1600 62 610 1344 2 0 214075 0.1
106 1574 73 611 1305 2 0 205149 0.1
107 1554 69 611 1272 2 0 197732 0.1
108 1552 68 615 1263 2 0 196163 0.1
109 1578 65 615 1314 2 0 207657 0.1
110 1590 67 615 1337 2 0 212182 0.1
111 1559 68 618 1287 2 0 200339 0.1
112 1566 59 620 1285 2 0 202485 0.1
113 1548 58 622 1266 2 0 196707 0.1
114 1551 67 624 1271 2 0 198561 0.1
115 1570 61 627 1308 2 0 206558 0.1
116 1536 62 630 1252 2 0 191990 0.1
117 1511 64 631 1202 2 0 182288 0.1
118 1532 59 632 1241 2 0 190051 0.1
119 1549 69 635 1258 2 0 194420 0.1
120 1543 62 636 1253 2 0 192253 0.1
121 1560 64 641 1296 2 0 201990 0.1
122 1556 72 642 1274 2 0 198310 0.1
123 1574 65 642 1305 2 0 206022 0.1
124 1562 68 643 1281 2 0 200698 0.1
125 1552 71 644 1275 2 0 198232 0.1
126 1572 60 644 1302 2 0 205416 0.1
127 1550 64 647 1262 2 0 194801 0.1
128 1562 54 648 1285 2 0 199884 0.1
129 1571 55 648 1307 2 0 206068 0.1
130 1569 57 650 1299 2 0 204591 0.1
131 1564 65 653 1290 2 0 201836 0.1
132 1535 62 655 1247 2 0 191840 0.1
133 1557 66 655 1287 2 0 200920 0.1
134 1543 67 655 1261 2 0 194700 0.1
135 1570 62 657 1295 2 0 202950 0.1
136 1563 63 658 1294 2 0 202643 0.1
137 1541 66 660 1249 2 0 194442 0.1
138 1525 70 661 1221 2 0 187902 0.1
139 1550 65 663 1267 2 0 196711 0.1
140 1555 68 663 1277 2 0 198885 0.1
141 1531 68 663 1237 2 0 189476 0.1
142 1544 66 663 1256 2 0 193904 0.1
143 1526 61 665 1230 2 0 188148 0.1
144 1519 69 666 1209 2 0 184926 0.1
145 1533 67 667 1238 2 0 189848 0.1
146 1541 62 667 1253 2 0 194570 0.1
147 1562 67 668 1291 2 0 202306 0.1
148 1574 64 669 1315 2 0 207418 0.1
149 1547 67 672 1268 2 0 198575 0.1
150 1510 68 674 1197 2 0 181017 0.1
151 1541 72 675 1249 2 0 192104 0.1
152 1535 68 677 1241 2 0 190927 0.1
153 1518 61 677 1209 2 0 182683 0.1
154 1544 62 680 1259 2 0 194746 0.1
155 1558 64 681 1286 2 0 200457 0.1
156 1558 62 683 1293 2 0 200645 0.1
157 1574 61 684 1309 2 0 205388 0.1
158 1541 59 685 1255 2 0 192930 0.1
159 1551 63 685 1267 2 0 196708 0.1
160 1560 61 687 1280 2 0 200416 0.1
161 1528 68 688 1228 2 0 188905 0.1
162 1553 68 689 1269 2 0 198922 0.1
163 1536 72 692 1243 2 0 191642 0.1
164 1560 61 692 1286 2 0 201146 0.1
165 1555 59 695 1267 2 0 197938 0.1
166 1548 66 696 1261 2 0 195665 0.1
167 1550 66 698 1267 2 0 197334 0.1
168 1554 67 700 1280 2 0 200127 0.1
169 1564 67 700 1286 2 0 200999 0.1
170 1570 64 700 1294 2 0 202776 0.1
171 1596 67 700 1338 2 0 213951 0.1
172 1549 58 700 1262 2 0 197818 0.1
173 1539 68 702 1250 2 0 194215 0.1
174 1558 61 702 1277 2 0 198032 0.1
175 1555 61 705 1285 2 0 200244 0.1
176 1564 54 706 1291 2 0 202801 0.1
177 1533 59 707 1246 2 0 191300 0.1
178 1549 62 708 1267 2 0 197711 0.1
179 1557 68 710 1273 2 0 198186 0.1
180 1525 64 710 1225 2 0 186321 0.1
181 1576 59 713 1311 2 0 205821 0.1
182 1568 61 713 1300 2 0 203271 0.1
183 1583 65 715 1322 2 0 208275 0.1
184 1555 63 715 1283 2 0 198485 0.1
185 1540 73 716 1258 2 0 193383 0.1
186 1563 60 719 1295 2 0 202397 0.1
187 1567 60 722 1299 2 0 203269 0.1
188 1535 64 722 1248 2 0 192297 0.1
189 1543 62 725 1261 2 0 194015 0.1
190 1519 62 727 1224 2 0 186716 0.1
191 1555 68 729 1272 2 0 199282 0.1
192 1557 62 729 1282 2 0 200739 0.1
193 1556 65 730 1276 2 0 199910 0.1
194 1551 82 731 1270 2 0 198872 0.1
195 1534 76 736 1242 2 0 191759 0.1
196 1568 58 737 1286 2 0 201501 0.1
197 1554 57 737 1281 2 0 199465 0.1
198 1549 64 738 1279 2 0 198175 0.1
199 1549 67 738 1267 2 0 196210 0.1
200 1581 68 739 1320 2 0 208502 0.1
201 1564 66 739 1286 2 0 200982 0.1
202 1581 70 742 1311 2 0 207817 0.1
203 1567 75 743 1298 2 0 203892 0.1
204 1587 70 743 1322 2 0 210333 0.1
205 1536 63 745 1246 2 0 193876 0.1
206 1537 59 747 1252 2 0 193299 0.1
207 1569 58 747 1294 2 0 204296 0.1
208 1590 62 747 1331 2 0 211979 0.1
209 1590 60 748 1327 2 0 210797 0.1
210 1544 61 748 1255 2 0 193741 0.1
211 1547 61 749 1262 2 0 195364 0.1
212 1568 65 750 1305 2 0 204867 0.1
213 1569 74 752 1305 2 0 206035 0.1
214 1535 74 752 1250 2 0 192190 0.1
215 1528 75 754 1239 2 0 189651 0.1
216 1536 69 755 1246 2 0 191214 0.1
217 1538 62 758 1244 2 0 191868 0.1
218 1516 70 761 1214 2 0 186491 0.1
219 1545 74 764 1253 2 0 194283 0.1
220 1550 65 764 1261 2 0 196909 0.1
221 1575 59 766 1304 2 0 204276 0.1
222 1547 65 767 1266 2 0 196964 0.1
223 1573 56 767 1317 2 0 207464 0.1
224 1575 68 768 1308 2 0 205897 0.1
225 1552 66 770 1273 2 0 197815 0.1
226 1569 67 770 1305 2 0 204850 0.1
227 1567 67 771 1290 2 0 201925 0.1
228 1576 63 771 1310 2 0 208278 0.1
229 1573 61 771 1300 2 0 205587 0.1
230 1566 64 771 1299 2 0 203457 0.1
231 1573 59 771 1305 2 0 204970 0.1
232 1521 60 774 1217 2 0 186137 0.1
233 1539 69 775 1244 2 0 192360 0.1
234 1564 66 775 1292 2 0 203975 0.1
235 1543 71 776 1257 2 0 195863 0.1
236 1530 73 779 1236 2 0 188815 0.1
237 1540 64 781 1263 2 0 196378 0.1
238 1564 63 781 1287 2 0 200716 0.1
239 1556 63 783 1278 2 0 198491 0.1
240 1567 64 783 1300 2 0 202723 0.1
241 1535 69 784 1250 2 0 192569 0.1
242 1545 66 784 1266 2 0 196130 0.1
243 1559 62 785 1273 2 0 197558 0.1
244 1571 64 788 1309 2 0 205442 0.1
245 1547 65 789 1271 2 0 196777 0.1
246 1534 66 789 1249 2 0 190244 0.1
247 1550 57 789 1276 2 0 197071 0.1
248 1547 55 790 1264 2 0 195893 0.1
249 1532 63 793 1244 2 0 191967 0.1
250 1526 67 795 1231 2 0 187039 0.1
251 1542 69 797 1264 2 0 196852 0.1
252 1549 62 798 1266 2 0 196918 0.1
253 1547 57 798 1265 2 0 195298 0.1
254 1555 68 798 1274 2 0 196682 0.1
255 1536 65 799 1247 2 0 191086 0.1
256 1518 75 800 1220 2 0 185106 0.1
257 1541 64 800 1262 2 0 193654 0.1
258 1544 60 801 1255 2 0 195388 0.1
259 1547 62 802 1265 2 0 197767 0.1
260 1546 64 804 1266 2 0 195988 0.1
261 1536 71 806 1250 2 0 192940 0.1
262 1552 61 808 1267 2 0 196965 0.1
263 1559 59 808 1282 2 0 200765 0.1
264 1557 56 808 1273 2 0 197508 0.1
265 1548 52 809 1273 2 0 196951 0.1
266 1545 63 811 1253 2 0 193016 0.1
267 1562 53 811 1283 2 0 200055 0.1
268 1552 74 815 1268 2 0 197257 0.1
269 1571 60 816 1303 2 0 205880 0.1
270 1522 62 817 1232 2 0 187488 0.1
271 1516 61 818 1221 2 0 185459 0.1
272 1533 57 819 1251 2 0 192239 0.1
273 1571 64 819 1311 2 0 203723 0.1
274 1564 69 822 1294 2 0 200741 0.1
275 1540 57 823 1255 2 0 194520 0.1
276 1579 59 823 1309 2 0 206717 0.1
277 1580 56 824 1312 2 0 208008 0.1
278 1566 56 825 1294 2 0 203539 0.1
279 1534 63 828 1244 2 0 190576 0.1
280 1537 58 829 1248 2 0 191804 0.1
281 1558 62 830 1281 2 0 198855 0.1
282 1528 63 831 1237 2 0 188319 0.1
283 1554 70 834 1283 2 0 200855 0.1
284 1534 69 836 1247 2 0 190871 0.1
285 1563 70 837 1302 2 0 203051 0.1
286 1545 68 837 1260 2 0 195434 0.1
287 1551 67 837 1271 2 0 198026 0.1
288 1536 68 838 1247 2 0 192846 0.1
289 1540 69 838 1249 2 0 191398 0.1
290 1535 57 839 1245 2 0 189850 0.1
291 1525 62 839 1231 2 0 188381 0.1
292 1569 64 840 1304 2 0 204991 0.1
293 1538 69 841 1258 2 0 194724 0.1
294 1531 71 843 1236 2 0 189574 0.1
295 1559 69 846 1288 2 0 202036 0.1
296 1531 69 847 1241 2 0 190161 0.1
297 1549 65 848 1267 2 0 196897 0.1
298 1549 61 848 1270 2 0 196810 0.1
299 1558 60 848 1283 2 0 199811 0.1
300 1550 63 849 1263 2 0 195294 0.1
301 1540 59 851 1250 2 0 192233 0.1
302 1565 68 852 1298 2 0 202578 0.1
303 1574 61 853 1313 2 0 206222 0.1
304 1547 66 855 1260 2 0 194635 0.1
305 1549 63 858 1260 2 0 195049 0.1
306 1557 67 859 1273 2 0 198410 0.1
307 1569 64 860 1298 2 0 204791 0.1
308 1533 75 861 1239 2 0 191162 0.1
309 1524 68 861 1229 2 0 188279 0.1
310 1547 64 862 1255 2 0 193847 0.1
311 1553 68 865 1282 2 0 198696 0.1
312 1511 68 867 1211 2 0 183703 0.1
313 1523 68 869 1220 2 0 186202 0.1
314 1545 71 869 1264 2 0 195711 0.1
315 1519 73 870 1223 2 0 186054 0.1
316 1559 67 870 1284 2 0 200132 0.1
317 1540 68 871 1262 2 0 194665 0.1
318 1518 75 872 1219 2 0 184451 0.1
319 1523 66 872 1228 2 0 187616 0.1
320 1522 69 873 1226 2 0 185847 0.1
321 1550 75 875 1257 2 0 194359 0.1
322 1550 66 876 1262 2 0 196550 0.1
323 1570 68 877 1296 2 0 203194 0.1
324 1562 68 878 1280 2 0 199865 0.1
325 1563 65 879 1283 2 0 200379 0.1
326 1555 67 882 1280 2 0 200746 0.1
327 1566 68 883 1296 2 0 202775 0.1
328 1560 62 885 1285 2 0 200252 0.1
329 1564 61 886 1287 2 0 201412 0.1
330 1560 63 888 1284 2 0 200680 0.1
331 1561 60 888 1282 2 0 201945 0.1
332 1552 62 888 1268 2 0 197184 0.1
333 1544 61 890 1260 2 0 193405 0.1
334 1528 65 894 1233 2 0 189082 0.1
335 1559 68 895 1280 2 0 199988 0.1
336 1564 66 896 1290 2 0 201424 0.1
337 1535 66 896 1243 2 0 190529 0.1
338 1535 65 898 1252 2 0 191727 0.1
339 1569 64 899 1303 2 0 203258 0.1
340 1553 71 900 1277 2 0 198666 0.1
341 1571 62 900 1306 2 0 205089 0.1
342 1545 66 904 1258 2 0 193827 0.1
343 1564 65 905 1291 2 0 203064 0.1
344 1564 61 907 1296 2 0 202696 0.1
345 1560 64 907 1285 2 0 201469 0.1
346 1540 62 907 1248 2 0 192322 0.1
347 1507 67 907 1201 2 0 181778 0.1
348 1539 57 911 1251 2 0 194050 0.1
349 1500 60 912 1185 2 0 177551 0.1
350 1518 68 912 1219 2 0 185337 0.1
351 1566 71 912 1288 2 0 200786 0.1
352 1572 71 913 1303 2 0 205020 0.1
353 1555 65 913 1281 2 0 200108 0.1
354 1528 71 914 1231 2 0 188190 0.1
355 1540 66 917 1259 2 0 194960 0.1
356 1566 64 918 1292 2 0 201024 0.1
357 1565 63 919 1297 2 0 202151 0.1
358 1555 60 919 1284 2 0 199720 0.1
359 1566 69 922 1291 2 0 201248 0.1
360 1526 70 925 1232 2 0 189148 0.1
361 1516 68 926 1214 2 0 183403 0.1
362 1528 69 928 1228 2 0 186817 0.1
363 1530 71 928 1232 2 0 188485 0.1
364 1555 63 929 1283 2 0 200925 0.1
365 1527 69 931 1232 2 0 187850 0.1
366 1540 68 931 1251 2 0 191778 0.1
367 1545 62 931 1277 2 0 196495 0.1
368 1549 54 931 1271 2 0 197452 0.1
369 1570 59 931 1294 2 0 202603 0.1
370 1554 64 932 1276 2 0 198570 0.1
371 1541 63 933 1250 2 0 195016 0.1
372 1561 59 936 1284 2 0 200964 0.1
373 1567 70 938 1292 2 0 203457 0.1
374 1549 69 939 1262 2 0 195054 0.1
375 1548 66 941 1264 2 0 195576 0.1
376 1554 67 941 1267 2 0 195988 0.1
377 1537 63 941 1250 2 0 194091 0.1
378 1558 64 942 1278 2 0 199643 0.1
379 1577 58 945 1317 2 0 207760 0.1
380 1564 67 946 1296 2 0 204195 0.1
381 1547 66 948 1258 2 0 193878 0.1
382 1567 63 948 1301 2 0 203165 0.1
383 1548 60 950 1264 2 0 195156 0.1
384 1530 65 950 1237 2 0 191397 0.1
385 1540 60 950 1249 2 0 192950 0.1
386 1576 54 951 1312 2 0 207756 0.1
387 1587 58 951 1320 2 0 210200 0.1
388 1559 68 951 1282 2 0 198605 0.1
389 1580 63 952 1314 2 0 209386 0.1
390 1609 50 953 1360 2 0 220183 0.1
391 1602 57 953 1348 2 0 216673 0.1
392 1586 70 953 1318 2 0 210652 0.1
393 1564 65 955 1294 2 0 205128 0.1
394 1575 59 956 1307 2 0 207608 0.1
395 1535 71 960 1237 2 0 189756 0.1
396 1535 72 962 1252 2 0 193273 0.1
397 1540 65 963 1245 2 0 192234 0.1
398 1513 68 964 1205 2 0 183837 0.1
399 1523 64 965 1223 2 0 186682 0.1
400 1552 69 966 1267 2 0 197244 0.1
401 1550 66 967 1271 2 0 198644 0.1
402 1571 61 968 1301 2 0 205504 0.1
403 1558 72 971 1285 2 0 200021 0.1
404 1559 71 972 1278 2 0 200088 0.1
405 1526 65 974 1227 2 0 188220 0.1
406 1562 67 974 1286 2 0 201188 0.1
407 1551 73 974 1273 2 0 197180 0.1
408 1554 70 975 1277 2 0 199105 0.1
409 1546 74 975 1256 2 0 194419 0.1
410 1526 62 975 1225 2 0 187731 0.1
411 1546 65 976 1248 2 0 193273 0.1
412 1536 69 977 1239 2 0 190514 0.1
413 1555 64 979 1279 2 0 197691 0.1
414 1539 64 979 1257 2 0 194153 0.1
415 1531 62 980 1235 2 0 190134 0.1
416 1523 68 981 1215 2 0 186759 0.1
417 1551 67 981 1271 2 0 198549 0.1
418 1570 63 981 1300 2 0 206065 0.1
419 1545 68 982 1259 2 0 195220 0.1
420 1529 68 982 1236 2 0 189762 0.1
421 1507 64 983 1192 2 0 180148 0.1
422 1520 68 983 1219 2 0 185543 0.1
423 1509 64 983 1198 2 0 181074 0.1
424 1521 63 985 1222 2 0 185375 0.1
425 1496 67 989 1184 2 0 177122 0.1
426 1524 62 989 1221 2 0 187206 0.1
427 1532 67 989 1236 2 0 189484 0.1
428 1543 78 991 1255 2 0 194123 0.1
429 1527 71 991 1228 2 0 186324 0.1
430 1533 75 993 1243 2 0 188729 0.1
431 1553 65 994 1265 2 0 195701 0.1
432 1565 75 995 1299 2 0 204401 0.1
433 1609 63 995 1367 2 0 219681 0.1
434 1577 60 997 1315 2 0 207700 0.1
435 1577 66 997 1318 2 0 207679 0.1
436 1557 69 998 1284 2 0 199814 0.1
437 1534 72 998 1248 2 0 191287 0.1
438 1555 71 998 1276 2 0 198309 0.1
439 1543 68 998 1253 2 0 193049 0.1
440 1552 58 1000 1278 2 0 198809 0.1
441 1523 66 1000 1230 2 0 186837 0.1
442 1537 68 1000 1244 2 0 191669 0.1
443 1545 66 1000 1257 2 0 194002 0.1
444 1517 64 1002 1208 2 0 182927 0.1
445 1541 68 1003 1246 2 0 192186 0.1
446 1540 63 1006 1250 2 0 190983 0.1
447 1532 67 1008 1242 2 0 190322 0.1
448 1545 60 1009 1261 2 0 194465 0.1
449 1529 63 1009 1234 2 0 188797 0.1
450 1515 62 1011 1209 2 0 183382 0.1
451 1539 57 1014 1246 2 0 191801 0.1
452 1515 56 1014 1214 2 0 184751 0.1
453 1517 63 1016 1213 2 0 183897 0.1
454 1534 75 1017 1247 2 0 190839 0.1
455 1546 67 1019 1260 2 0 194637 0.1
456 1553 65 1020 1264 2 0 196835 0.1
457 1544 58 1021 1262 2 0 195392 0.1
458 1542 60 1022 1255 2 0 195909 0.1
459 1568 68 1023 1298 2 0 203123 0.1
460 1569 68 1024 1297 2 0 204279 0.1
461 1534 66 1026 1243 2 0 190340 0.1
462 1541 71 1026 1256 2 0 193999 0.1
463 1579 69 1028 1304 2 0 205953 0.1
464 1541 68 1029 1249 2 0 192341 0.1
465 1547 67 1030 1260 2 0 195451 0.1
466 1551 65 1030 1272 2 0 197679 0.1
467 1564 57 1032 1294 2 0 202483 0.1
468 1565 61 1032 1293 2 0 203727 0.1
469 1575 63 1034 1311 2 0 207064 0.1
470 1560 56 1034 1282 2 0 201578 0.1
471 1558 59 1034 1277 2 0 198963 0.1
472 1541 62 1035 1242 2 0 190790 0.1
473 1569 56 1035 1290 2 0 201105 0.1
474 1564 56 1036 1293 2 0 202797 0.1
475 1557 67 1038 1277 2 0 199592 0.1
476 1571 58 1038 1312 2 0 206622 0.1
477 1551 62 1040 1271 2 0 197587 0.1
478 1559 64 1040 1281 2 0 198088 0.1
479 1562 63 1041 1289 2 0 202059 0.1
480 1538 70 1044 1247 2 0 193560 0.1
481 1544 75 1045 1250 2 0 193832 0.1
482 1563 65 1045 1282 2 0 200736 0.1
483 1522 68 1048 1226 2 0 188220 0.1
484 1525 64 1048 1223 2 0 187366 0.1
485 1535 73 1049 1243 2 0 191214 0.1
486 1496 73 1050 1183 2 0 176851 0.1
487 1526 74 1051 1237 2 0 187751 0.1
488 1578 75 1051 1321 2 0 207026 0.1
489 1539 72 1052 1256 2 0 193628 0.1
490 1557 63 1053 1285 2 0 200398 0.1
491 1550 67 1056 1274 2 0 197659 0.1
492 1543 66 1057 1249 2 0 192163 0.1
493 1524 73 1058 1235 2 0 189433 0.1
494 1507 69 1059 1206 2 0 182175 0.1
495 1520 62 1059 1232 2 0 187569 0.1
496 1574 64 1059 1307 2 0 205125 0.1
497 1574 61 1061 1298 2 0 204182 0.1
498 1562 65 1063 1281 2 0 198973 0.1
499 1545 60 1063 1261 2 0 195620 0.1
500 1533 57 1063 1242 2 0 189700 0.1
501 1558 59 1063 1279 2 0 198026 0.1
502 1561 59 1065 1288 2 0 201892 0.1
503 1546 57 1067 1259 2 0 194478 0.1
504 1528 66 1068 1231 2 0 187973 0.1
505 1562 61 1072 1286 2 0 201447 0.1
506 1569 58 1073 1304 2 0 205809 0.1
507 1566 61 1074 1297 2 0 203539 0.1
508 1540 70 1075 1256 2 0 192569 0.1
509 1522 63 1075 1225 2 0 187075 0.1
510 1518 70 1075 1211 2 0 185204 0.1
511 1533 64 1076 1243 2 0 191321 0.1
512 1569 69 1077 1304 2 0 205954 0.1
513 1566 68 1077 1300 2 0 204674 0.1
514 1566 64 1078 1291 2 0 202400 0.1
515 1559 70 1079 1268 2 0 199137 0.1
516 1538 66 1081 1256 2 0 193916 0.1
517 1558 64 1082 1282 2 0 200389 0.1
518 1530 72 1082 1233 2 0 189597 0.1
519 1544 66 1083 1258 2 0 194443 0.1
520 1556 62 1083 1280 2 0 198802 0.1
521 1545 64 1084 1263 2 0 196001 0.1
522 1504 64 1084 1197 2 0 179691 0.1
523 1533 70 1086 1248 2 0 190724 0.1
524 1548 63 1086 1270 2 0 196578 0.1
525 1551 52 1086 1277 2 0 199952 0.1
526 1560 60 1089 1283 2 0 200692 0.1
527 1550 59 1089 1265 2 0 196997 0.1
528 1570 67 1094 1298 2 0 204316 0.1
529 1547 67 1094 1258 2 0 194779 0.1
530 1554 74 1095 1276 2 0 199044 0.1
531 1510 73 1095 1201 2 0 182593 0.1
532 1522 74 1095 1217 2 0 186447 0.1
533 1563 70 1096 1290 2 0 202375 0.1
534 1591 59 1097 1344 2 0 213676 0.1
535 1575 58 1097 1317 2 0 206807 0.1
536 1547 62 1097 1260 2 0 194359 0.1
537 1523 67 1100 1227 2 0 188180 0.1
538 1535 69 1103 1247 2 0 192298 0.1
539 1515 66 1104 1209 2 0 183723 0.1
540 1526 68 1104 1230 2 0 188764 0.1
541 1542 71 1104 1258 2 0 194062 0.1
542 1535 71 1107 1243 2 0 191865 0.1
543 1572 60 1109 1297 2 0 203458 0.1
544 1547 62 1110 1258 2 0 192361 0.1
545 1534 66 1110 1236 2 0 189913 0.1
546 1539 69 1110 1249 2 0 191571 0.1
547 1547 58 1110 1266 2 0 196797 0.1
548 1571 64 1112 1308 2 0 206811 0.1
549 1565 63 1112 1291 2 0 202824 0.1
550 1543 61 1114 1257 2 0 195309 0.1
551 1545 64 1117 1265 2 0 195097 0.1
552 1538 60 1118 1246 2 0 192087 0.1
553 1539 61 1119 1255 2 0 193989 0.1
554 1522 60 1120 1232 2 0 187481 0.1
555 1515 69 1121 1220 2 0 183889 0.1
556 1546 68 1121 1262 2 0 194630 0.1
557 1530 64 1122 1244 2 0 190463 0.1
558 1498 69 1125 1195 2 0 178786 0.1
559 1545 63 1128 1261 2 0 194375 0.1
560 1581 57 1129 1320 2 0 208568 0.1
561 1569 58 1131 1302 2 0 204734 0.1
562 1576 69 1131 1317 2 0 208709 0.1
563 1574 62 1131 1309 2 0 206287 0.1
564 1555 61 1132 1279 2 0 197409 0.1
565 1526 62 1133 1232 2 0 187726 0.1
566 1573 61 1133 1310 2 0 206167 0.1
567 1547 60 1134 1258 2 0 194055 0.1
568 1535 65 1135 1241 2 0 190257 0.1
569 1545 61 1135 1262 2 0 195464 0.1
570 1549 62 1135 1262 2 0 195961 0.1
571 1556 60 1135 1282 2 0 200532 0.1
572 1570 58 1135 1303 2 0 204501 0.1
573 1565 62 1135 1296 2 0 201078 0.1
574 1526 63 1138 1235 2 0 189083 0.1
575 1522 66 1138 1233 2 0 189044 0.1
576 1546 58 1139 1264 2 0 194108 0.1
577 1549 61 1140 1274 2 0 196381 0.1
578 1571 66 1143 1310 2 0 205695 0.1
579 1593 64 1146 1344 2 0 214078 0.1
580 1552 57 1147 1271 2 0 198750 0.1
581 1534 68 1152 1235 2 0 189361 0.1
582 1497 68 1153 1182 2 0 176804 0.1
583 1532 70 1154 1241 2 0 190595 0.1
584 1578 68 1154 1304 2 0 205263 0.1
585 1548 65 1155 1265 2 0 196626 0.1
586 1535 69 1156 1245 2 0 191546 0.1
587 1492 68 1158 1179 2 0 176218 0.1
588 1511 77 1158 1201 2 0 182540 0.1
589 1557 58 1159 1276 2 0 199816 0.1
590 1552 65 1159 1270 2 0 197969 0.1
591 1581 76 1161 1321 2 0 207795 0.1
592 1590 79 1163 1339 2 0 212341 0.1
593 1565 71 1164 1295 2 0 203226 0.1
594 1511 66 1164 1217 2 0 183842 0.1
595 1526 69 1166 1231 2 0 189186 0.1
596 1549 62 1166 1272 2 0 197323 0.1
597 1557 69 1167 1288 2 0 201168 0.1
598 1550 72 1167 1273 2 0 196159 0.1
599 1558 68 1167 1292 2 0 202034 0.1
600 1563 65 1168 1291 2 0 201490 0.1
601 1550 65 1169 1271 2 0 195804 0.1
602 1581 67 1169 1316 2 0 207675 0.1
603 1560 64 1170 1279 2 0 199392 0.1
604 1533 59 1171 1239 2 0 190537 0.1
605 1545 61 1171 1261 2 0 194592 0.1
606 1534 60 1171 1237 2 0 190389 0.1
607 1545 73 1174 1258 2 0 195287 0.1
608 1554 74 1177 1289 2 0 201248 0.1
609 1538 59 1177 1245 2 0 191073 0.1
610 1572 62 1179 1298 2 0 204715 0.1
611 1524 64 1180 1227 2 0 186583 0.1
612 1551 62 1180 1275 2 0 199478 0.1
613 1528 70 1180 1243 2 0 189745 0.1
614 1527 73 1181 1240 2 0 189730 0.1
615 1539 65 1182 1259 2 0 193218 0.1
616 1547 67 1184 1268 2 0 195221 0.1
617 1579 63 1185 1317 2 0 206550 0.1
618 1571 62 1187 1297 2 0 202666 0.1
619 1568 67 1187 1301 2 0 203633 0.1
620 1561 60 1188 1282 2 0 200511 0.1
621 1530 62 1189 1240 2 0 190556 0.1
622 1550 58 1189 1273 2 0 196791 0.1
623 1551 71 1189 1261 2 0 195015 0.1
624 1546 69 1190 1258 2 0 193976 0.1
625 1562 65 1192 1285 2 0 200108 0.1
626 1532 69 1192 1233 2 0 188658 0.1
627 1533 65 1193 1242 2 0 191034 0.1
628 1553 65 1197 1278 2 0 198762 0.1
629 1539 63 1197 1239 2 0 191854 0.1
630 1555 69 1197 1269 2 0 197586 0.1
631 1546 61 1197 1266 2 0 195596 0.1
632 1549 64 1197 1269 2 0 196740 0.1
633 1556 62 1198 1285 2 0 201410 0.1
634 1584 58 1199 1316 2 0 208006 0.1
635 1568 63 1201 1297 2 0 202578 0.1
636 1571 60 1201 1300 2 0 204137 0.1
637 1542 66 1201 1251 2 0 192622 0.1
638 1536 77 1202 1250 2 0 192177 0.1
639 1519 71 1203 1212 2 0 185116 0.1
640 1526 75 1205 1222 2 0 185761 0.1
641 1526 79 1205 1228 2 0 186414 0.1
642 1547 70 1206 1258 2 0 193692 0.1
643 1531 73 1206 1241 2 0 190508 0.1
644 1561 68 1207 1287 2 0 200546 0.1
645 1520 72 1211 1227 2 0 186552 0.1
646 1547 67 1211 1271 2 0 196345 0.1
647 1552 68 1212 1273 2 0 197412 0.1
648 1546 68 1213 1260 2 0 194769 0.1
649 1578 63 1213 1319 2 0 208250 0.1
650 1557 53 1214 1275 2 0 199240 0.1
651 1574 62 1217 1309 2 0 206737 0.1
652 1581 60 1218 1315 2 0 208357 0.1
653 1545 59 1219 1264 2 0 195749 0.1
654 1556 60 1220 1268 2 0 197919 0.1
655 1528 68 1220 1230 2 0 189060 0.1
656 1542 72 1220 1251 2 0 194359 0.1
657 1558 66 1221 1278 2 0 198902 0.1
658 1541 70 1222 1258 2 0 194067 0.1
659 1516 68 1225 1214 2 0 184626 0.1
660 1544 64 1226 1248 2 0 193005 0.1
661 1588 67 1229 1322 2 0 209914 0.1
662 1548 68 1231 1261 2 0 195714 0.1
663 1555 58 1231 1274 2 0 199327 0.1
664 1534 59 1231 1244 2 0 191423 0.1
665 1531 60 1232 1238 2 0 190262 0.1
666 1558 56 1232 1280 2 0 200996 0.1
667 1549 60 1233 1266 2 0 196634 0.1
668 1544 62 1233 1258 2 0 193674 0.1
669 1549 70 1236 1266 2 0 195653 0.1
670 1525 75 1238 1229 2 0 187557 0.1
671 1559 61 1240 1277 2 0 199526 0.1
672 1571 62 1241 1306 2 0 205450 0.1
673 1552 67 1242 1274 2 0 197956 0.1
674 1560 60 1242 1277 2 0 199693 0.1
675 1540 63 1242 1251 2 0 192510 0.1
676 1533 65 1242 1231 2 0 188224 0.1
677 1550 71 1245 1266 2 0 196869 0.1
678 1594 62 1246 1339 2 0 214642 0.1
679 1550 59 1249 1269 2 0 198068 0.1
680 1546 66 1249 1267 2 0 196159 0.1
681 1543 68 1251 1269 2 0 195415 0.1
682 1502 75 1252 1190 2 0 178957 0.1
683 1552 65 1252 1274 2 0 197753 0.1
684 1582 64 1252 1320 2 0 208554 0.1
685 1567 61 1254 1292 2 0 201999 0.1
686 1557 61 1256 1283 2 0 199006 0.1
687 1574 60 1257 1316 2 0 207821 0.1
688 1566 64 1257 1298 2 0 203987 0.1
689 1559 67 1260 1277 2 0 199337 0.1
690 1570 59 1260 1296 2 0 203011 0.1
691 1558 65 1260 1282 2 0 199821 0.1
692 1539 65 1261 1253 2 0 193803 0.1
693 1554 66 1263 1269 2 0 197040 0.1
694 1553 74 1263 1274 2 0 197582 0.1
695 1550 61 1263 1279 2 0 199005 0.1
696 1549 68 1265 1269 2 0 197192 0.1
697 1549 69 1267 1274 2 0 197673 0.1
698 1560 62 1270 1288 2 0 201357 0.1
699 1539 61 1271 1254 2 0 192164 0.1
700 1557 68 1271 1282 2 0 198012 0.1
701 1568 61 1271 1299 2 0 204199 0.1
702 1542 70 1274 1259 2 0 194833 0.1
703 1569 68 1274 1290 2 0 202632 0.1
704 1543 65 1276 1256 2 0 193857 0.1
705 1551 57 1277 1280 2 0 199563 0.1
706 1566 61 1278 1289 2 0 200512 0.1
707 1539 60 1279 1254 2 0 194180 0.1
708 1586 66 1280 1323 2 0 210890 0.1
709 1591 60 1280 1330 2 0 212767 0.1
710 1578 59 1282 1305 2 0 206585 0.1
711 1556 60 1282 1269 2 0 198155 0.1
712 1538 60 1282 1232 2 0 190791 0.1
713 1562 61 1284 1278 2 0 200109 0.1
714 1533 62 1285 1245 2 0 191918 0.1
715 1510 62 1285 1202 2 0 182619 0.1
716 1487 59 1285 1170 2 0 174721 0.1
717 1533 63 1285 1232 2 0 189771 0.1
718 1546 63 1286 1262 2 0 196003 0.1
719 1586 66 1286 1334 2 0 211445 0.1
720 1573 69 1287 1310 2 0 207083 0.1
721 1555 68 1287 1280 2 0 200966 0.1
722 1532 67 1288 1245 2 0 191328 0.1
723 1544 62 1288 1262 2 0 195888 0.1
724 1548 59 1288 1265 2 0 195987 0.1
725 1546 60 1288 1257 2 0 194013 0.1
726 1522 58 1288 1227 2 0 187966 0.1
727 1563 63 1290 1289 2 0 202465 0.1
728 1546 68 1290 1262 2 0 195349 0.1
729 1556 64 1291 1287 2 0 201081 0.1
730 1576 66 1292 1299 2 0 204475 0.1
731 1557 59 1295 1275 2 0 198111 0.1
732 1568 65 1295 1290 2 0 202807 0.1
733 1571 68 1296 1306 2 0 204469 0.1
734 1556 64 1296 1284 2 0 199411 0.1
735 1545 65 1297 1266 2 0 196029 0.1
736 1565 59 1298 1293 2 0 201644 0.1
737 1543 65 1298 1255 2 0 194538 0.1
738 1545 65 1299 1259 2 0 195197 0.1
739 1573 62 1299 1304 2 0 205326 0.1
740 1559 62 1300 1286 2 0 199258 0.1
741 1567 63 1302 1296 2 0 202101 0.1
742 1563 63 1303 1293 2 0 201109 0.1
743 1543 64 1305 1262 2 0 195299 0.1
744 1571 64 1307 1304 2 0 203413 0.1
745 1557 65 1307 1280 2 0 199748 0.1
746 1571 66 1308 1297 2 0 202140 0.1
747 1544 58 1309 1264 2 0 194097 0.1
748 1566 73 1311 1296 2 0 202626 0.1
749 1578 70 1314 1315 2 0 207064 0.1
750 1555 68 1314 1284 2 0 200473 0.1
751 1533 71 1315 1246 2 0 192738 0.1
752 1532 60 1315 1245 2 0 192090 0.1
753 1540 64 1315 1254 2 0 194091 0.1
754 1548 62 1315 1261 2 0 195738 0.1
755 1550 64 1315 1270 2 0 197816 0.1
756 1534 59 1316 1253 2 0 192943 0.1
757 1523 67 1317 1236 2 0 187677 0.1
758 1526 64 1318 1235 2 0 188759 0.1
759 1552 66 1318 1271 2 0 197814 0.1
760 1549 65 1318 1268 2 0 197708 0.1
761 1549 61 1318 1268 2 0 195415 0.1
762 1566 64 1320 1291 2 0 200486 0.1
763 1536 70 1320 1249 2 0 191298 0.1
764 1574 63 1321 1305 2 0 206086 0.1
765 1542 56 1322 1251 2 0 194482 0.1
766 1523 57 1322 1219 2 0 187155 0.1
767 1542 73 1324 1253 2 0 194481 0.1
768 1550 58 1324 1270 2 0 196816 0.1
769 1541 63 1324 1255 2 0 193362 0.1
770 1568 60 1324 1302 2 0 203310 0.1
771 1556 62 1326 1284 2 0 199005 0.1
772 1544 64 1330 1264 2 0 195845 0.1
773 1531 76 1331 1238 2 0 190484 0.1
774 1569 66 1332 1298 2 0 204032 0.1
775 1561 70 1333 1286 2 0 200751 0.1
776 1594 65 1333 1339 2 0 213327 0.1
777 1608 69 1334 1355 2 0 217681 0.1
778 1562 72 1335 1287 2 0 200337 0.1
779 1571 65 1335 1301 2 0 204797 0.1
780 1566 63 1335 1297 2 0 203065 0.1
781 1543 66 1336 1266 2 0 195318 0.1
782 1564 67 1339 1292 2 0 202675 0.1
783 1551 61 1339 1263 2 0 197922 0.1
784 1548 65 1339 1258 2 0 195290 0.1
785 1537 62 1339 1253 2 0 193116 0.1
786 1556 61 1339 1283 2 0 199416 0.1
787 1545 67 1340 1259 2 0 196169 0.1
788 1545 64 1340 1262 2 0 195663 0.1
789 1573 62 1340 1305 2 0 205975 0.1
790 1573 58 1341 1307 2 0 204873 0.1
791 1533 70 1343 1242 2 0 189378 0.1
792 1566 67 1344 1298 2 0 204686 0.1
793 1550 65 1345 1271 2 0 196683 0.1
794 1545 59 1347 1262 2 0 195623 0.1
795 1542 51 1349 1251 2 0 193789 0.1
796 1573 72 1354 1307 2 0 206100 0.1
797 1574 69 1356 1309 2 0 206056 0.1
798 1535 69 1356 1237 2 0 190144 0.1
799 1562 59 1357 1291 2 0 201530 0.1
800 1566 67 1357 1296 2 0 204110 0.1
801 1555 63 1358 1277 2 0 197599 0.1
802 1557 68 1358 1284 2 0 200617 0.1
803 1541 69 1359 1255 2 0 193925 0.1
804 1540 69 1359 1247 2 0 192530 0.1
805 1560 61 1359 1280 2 0 199992 0.1
806 1542 68 1360 1258 2 0 195054 0.1
807 1527 66 1362 1228 2 0 189132 0.1
808 1560 69 1362 1283 2 0 201092 0.1
809 1548 71 1362 1261 2 0 194700 0.1
810 1547 68 1362 1267 2 0 197052 0.1
811 1566 71 1363 1296 2 0 203053 0.1
812 1566 66 1363 1297 2 0 203563 0.1
813 1575 66 1365 1316 2 0 205590 0.1
814 1583 66 1365 1335 2 0 212074 0.1
815 1553 71 1367 1280 2 0 198839 0.1
816 1534 71 1368 1244 2 0 189981 0.1
817 1527 66 1368 1224 2 0 186428 0.1
818 1527 68 1370 1243 2 0 191747 0.1
819 1544 61 1372 1263 2 0 195265 0.1
820 1524 70 1372 1224 2 0 186504 0.1
821 1534 69 1373 1238 2 0 191034 0.1
822 1523 72 1374 1220 2 0 186951 0.1
823 1534 65 1375 1238 2 0 190937 0.1
824 1528 60 1376 1227 2 0 187543 0.1
825 1553 61 1377 1272 2 0 197571 0.1
826 1537 73 1377 1238 2 0 190055 0.1
827 1570 68 1378 1294 2 0 204386 0.1
828 1570 69 1378 1297 2 0 203957 0.1
829 1577 62 1378 1311 2 0 206769 0.1
830 1558 63 1378 1288 2 0 200981 0.1
831 1575 66 1380 1308 2 0 205427 0.1
832 1570 63 1380 1310 2 0 206846 0.1
833 1538 79 1382 1246 2 0 191458 0.1
834 1547 69 1383 1263 2 0 194988 0.1
835 1547 69 1384 1264 2 0 195942 0.1
836 1523 77 1387 1226 2 0 187171 0.1
837 1515 69 1387 1215 2 0 184742 0.1
838 1537 68 1389 1257 2 0 194822 0.1
839 1541 63 1391 1252 2 0 193035 0.1
840 1523 73 1391 1225 2 0 189006 0.1
841 1537 77 1391 1245 2 0 191955 0.1
842 1538 71 1393 1251 2 0 192612 0.1
843 1546 65 1393 1263 2 0 196869 0.1
844 1555 63 1396 1277 2 0 200928 0.1
845 1561 66 1396 1282 2 0 199848 0.1
846 1570 58 1396 1309 2 0 207041 0.1
847 1532 62 1399 1248 2 0 192570 0.1
848 1551 55 1399 1274 2 0 196915 0.1
849 1571 63 1399 1303 2 0 204380 0.1
850 1524 67 1400 1227 2 0 188180 0.1
851 1559 67 1402 1277 2 0 199122 0.1
852 1568 54 1402 1297 2 0 203842 0.1
853 1553 57 1404 1279 2 0 199655 0.1
854 1576 69 1404 1309 2 0 206091 0.1
855 1549 65 1404 1268 2 0 197333 0.1
856 1536 66 1404 1247 2 0 192227 0.1
857 1514 66 1406 1208 2 0 183361 0.1
858 1526 71 1407 1233 2 0 189047 0.1
859 1570 65 1408 1305 2 0 204986 0.1
860 1546 71 1411 1271 2 0 197262 0.1
861 1537 71 1412 1247 2 0 191420 0.1
862 1573 68 1412 1299 2 0 203901 0.1
863 1551 68 1413 1266 2 0 195304 0.1
864 1570 65 1414 1296 2 0 203175 0.1
865 1565 56 1414 1284 2 0 200431 0.1
866 1543 66 1414 1264 2 0 195110 0.1
867 1546 64 1414 1257 2 0 193544 0.1
868 1522 65 1414 1227 2 0 187051 0.1
869 1538 65 1414 1254 2 0 191510 0.1
870 1541 64 1414 1261 2 0 195044 0.1
871 1535 67 1415 1247 2 0 190108 0.1
872 1558 59 1417 1281 2 0 198661 0.1
873 1554 65 1417 1274 2 0 197374 0.1
874 1550 62 1417 1269 2 0 196884 0.1
875 1558 67 1418 1284 2 0 199877 0.1
876 1553 71 1419 1272 2 0 196629 0.1
877 1592 59 1421 1333 2 0 212972 0.1
878 1555 56 1421 1273 2 0 197123 0.1
879 1534 67 1422 1246 2 0 190527 0.1
880 1553 54 1424 1276 2 0 198281 0.1
881 1555 66 1427 1278 2 0 198601 0.1
882 1549 67 1429 1271 2 0 197658 0.1
883 1542 67 1430 1253 2 0 193284 0.1
884 1556 73 1430 1275 2 0 196477 0.1
885 1534 71 1430 1241 2 0 190017 0.1
886 1546 68 1430 1266 2 0 195958 0.1
887 1543 67 1430 1261 2 0 194586 0.1
888 1543 63 1431 1255 2 0 193465 0.1
889 1554 61 1432 1286 2 0 200560 0.1
890 1580 63 1432 1316 2 0 207288 0.1
891 1567 65 1432 1290 2 0 201771 0.1
892 1533 67 1433 1238 2 0 191087 0.1
893 1509 67 1434 1200 2 0 182741 0.1
894 1532 64 1435 1238 2 0 190435 0.1
895 1542 67 1435 1263 2 0 194982 0.1
896 1537 65 1436 1255 2 0 191999 0.1
897 1562 61 1436 1290 2 0 201841 0.1
898 1532 57 1437 1247 2 0 191570 0.1
899 1553 57 1437 1271 2 0 196715 0.1
900 1548 61 1439 1269 2 0 197202 0.1
901 1541 63 1440 1258 2 0 194447 0.1
902 1564 58 1440 1292 2 0 203251 0.1
903 1546 63 1441 1259 2 0 195390 0.1
904 1550 67 1441 1264 2 0 196267 0.1
905 1551 68 1441 1264 2 0 196489 0.1
906 1565 71 1442 1295 2 0 202926 0.1
907 1584 62 1442 1309 2 0 208334 0.1
908 1576 60 1443 1305 2 0 205760 0.1
909 1552 74 1445 1266 2 0 197004 0.1
910 1508 74 1445 1199 2 0 181971 0.1
911 1522 63 1445 1216 2 0 186411 0.1
912 1536 59 1445 1246 2 0 191734 0.1
913 1525 67 1445 1229 2 0 187920 0.1
914 1567 63 1448 1296 2 0 203479 0.1
915 1553 59 1448 1279 2 0 197947 0.1
916 1557 62 1448 1282 2 0 199815 0.1
917 1548 64 1449 1273 2 0 196803 0.1
918 1553 62 1449 1267 2 0 196267 0.1
919 1584 59 1449 1330 2 0 211740 0.1
920 1560 60 1449 1281 2 0 199898 0.1
921 1552 60 1451 1273 2 0 198583 0.1
922 1545 65 1452 1253 2 0 194164 0.1
923 1563 69 1452 1287 2 0 201402 0.1
924 1551 66 1453 1262 2 0 195634 0.1
925 1532 62 1453 1247 2 0 191588 0.1
926 1553 62 1455 1278 2 0 197962 0.1
927 1549 66 1455 1269 2 0 196960 0.1
928 1521 76 1456 1212 2 0 185467 0.1
929 1561 61 1457 1273 2 0 198976 0.1
930 1565 63 1457 1280 2 0 201894 0.1
931 1593 68 1459 1330 2 0 212254 0.1
932 1544 69 1460 1262 2 0 196603 0.1
933 1569 60 1460 1291 2 0 203162 0.1
934 1530 64 1461 1233 2 0 189086 0.1
935 1547 64 1462 1263 2 0 195394 0.1
936 1568 64 1462 1295 2 0 203115 0.1
937 1571 64 1462 1288 2 0 202979 0.1
938 1545 67 1462 1263 2 0 195458 0.1
939 1533 70 1462 1237 2 0 188485 0.1
940 1522 74 1464 1222 2 0 186482 0.1
941 1536 67 1464 1243 2 0 191025 0.1
942 1576 68 1464 1307 2 0 205654 0.1
943 1558 63 1464 1288 2 0 200138 0.1
944 1568 66 1465 1292 2 0 201714 0.1
945 1556 65 1467 1273 2 0 197878 0.1
946 1550 73 1467 1263 2 0 196142 0.1
947 1552 63 1467 1262 2 0 195238 0.1
948 1537 70 1467 1236 2 0 190279 0.1
949 1539 73 1467 1252 2 0 193413 0.1
950 1531 72 1467 1242 2 0 191042 0.1
951 1557 69 1468 1276 2 0 198976 0.1
952 1545 65 1469 1265 2 0 196779 0.1
953 1567 67 1469 1308 2 0 205307 0.1
954 1594 67 1469 1340 2 0 213663 0.1
955 1587 56 1469 1333 2 0 210219 0.1
956 1562 67 1470 1291 2 0 201804 0.1
957 1571 63 1471 1301 2 0 204296 0.1
958 1539 61 1471 1252 2 0 192954 0.1
959 1534 65 1471 1246 2 0 192713 0.1
960 1562 63 1472 1296 2 0 202542 0.1
961 1540 59 1473 1259 2 0 193708 0.1
962 1586 52 1473 1336 2 0 212241 0.1
963 1544 61 1474 1255 2 0 193679 0.1
964 1559 62 1474 1287 2 0 200797 0.1
965 1565 62 1476 1296 2 0 201862 0.1
966 1562 69 1476 1291 2 0 201798 0.1
967 1525 66 1476 1227 2 0 187919 0.1
968 1555 59 1476 1284 2 0 199493 0.1
969 1545 55 1476 1260 2 0 194023 0.1
970 1526 69 1477 1232 2 0 187480 0.1
971 1536 71 1478 1255 2 0 193185 0.1
972 1550 67 1479 1270 2 0 195525 0.1
973 1552 63 1479 1266 2 0 196760 0.1
974 1559 57 1479 1274 2 0 198983 0.1
975 1556 59 1481 1275 2 0 198901 0.1
976 1565 60 1482 1296 2 0 201801 0.1
977 1540 62 1483 1254 2 0 192693 0.1
978 1559 61 1483 1279 2 0 199131 0.1
979 1554 58 1484 1274 2 0 199214 0.1
980 1539 57 1484 1251 2 0 192982 0.1
981 1540 62 1485 1252 2 0 193485 0.1
982 1555 64 1486 1274 2 0 198950 0.1
983 1507 66 1487 1191 2 0 181156 0.1
984 1529 66 1487 1233 2 0 187916 0.1
985 1539 69 1487 1255 2 0 194147 0.1
986 1570 62 1487 1290 2 0 202221 0.1
987 1573 59 1487 1305 2 0 204704 0.1
988 1547 61 1488 1260 2 0 196306 0.1
989 1537 71 1489 1253 2 0 192693 0.1
990 1566 66 1490 1298 2 0 202488 0.1
991 1556 66 1490 1282 2 0 198989 0.1
992 1569 60 1490 1299 2 0 202768 0.1
993 1585 59 1490 1330 2 0 211129 0.1
994 1568 62 1491 1293 2 0 202736 0.1
995 1567 66 1492 1287 2 0 201363 0.1
996 1554 68 1493 1273 2 0 198884 0.1
997 1551 58 1496 1262 2 0 196678 0.1
998 1532 57 1496 1243 2 0 190854 0.1
999 1536 61 1497 1238 2 0 191568 0.1
1000 1587 61 1498 1316 2 0 208407 0.1
1001 1559 69 1498 1274 2 0 199499 0.1
1002 1563 63 1499 1280 2 0 200686 0.1
1003 1566 66 1500 1289 2 0 203086 0.1
1004 1540 62 1500 1245 2 0 192718 0.1
1005 1578 62 1501 1311 2 0 206313 0.1
1006 1549 65 1502 1267 2 0 195836 0.1
1007 1525 62 1502 1233 2 0 187400 0.1
1008 1571 67 1503 1305 2 0 205226 0.1
1009 1577 64 1505 1319 2 0 208470 0.1
1010 1549 66 1505 1268 2 0 196502 0.1
1011 1542 71 1506 1251 2 0 193986 0.1
1012 1565 63 1507 1297 2 0 202838 0.1
1013 1547 57 1509 1267 2 0 195244 0.1
1014 1554 61 1509 1280 2 0 198543 0.1
1015 1534 62 1510 1242 2 0 190231 0.1
1016 1541 67 1510 1251 2 0 192545 0.1
1017 1548 66 1510 1258 2 0 194270 0.1
1018 1555 66 1511 1279 2 0 198713 0.1
1019 1557 66 1511 1282 2 0 199777 0.1
1020 1543 67 1512 1269 2 0 195394 0.1
1021 1525 63 1514 1240 2 0 188720 0.1
1022 1531 62 1516 1242 2 0 188832 0.1
1023 1584 66 1516 1329 2 0 209287 0.1
1024 1567 76 1518 1299 2 0 202701 0.1
1025 1568 63 1518 1295 2 0 201729 0.1
1026 1566 67 1519 1290 2 0 201372 0.1
1027 1569 67 1519 1300 2 0 204487 0.1
1028 1574 64 1519 1310 2 0 206639 0.1
1029 1554 66 1519 1272 2 0 199260 0.1
1030 1538 57 1519 1246 2 0 193243 0.1
1031 1526 62 1521 1230 2 0 187430 0.1
1032 1542 65 1522 1245 2 0 193069 0.1
1033 1521 65 1522 1218 2 0 184728 0.1
1034 1546 68 1525 1254 2 0 193922 0.1
1035 1554 63 1525 1274 2 0 198805 0.1
1036 1549 70 1525 1263 2 0 195421 0.1
1037 1528 67 1526 1236 2 0 189488 0.1
1038 1537 70 1526 1243 2 0 192254 0.1
1039 1525 64 1527 1226 2 0 185706 0.1
1040 1559 63 1527 1277 2 0 199286 0.1
1041 1536 61 1527 1239 2 0 189421 0.1
1042 1544 68 1527 1261 2 0 194908 0.1
1043 1551 71 1530 1270 2 0 195799 0.1
1044 1590 63 1530 1333 2 0 213307 0.1
1045 1554 71 1530 1277 2 0 198390 0.1
1046 1543 67 1531 1260 2 0 194148 0.1
1047 1529 70 1532 1235 2 0 189039 0.1
1048 1535 71 1532 1243 2 0 191833 0.1
1049 1517 72 1532 1214 2 0 184168 0.1
1050 1499 68 1533 1192 2 0 179951 0.1
1051 1489 73 1533 1183 2 0 176636 0.1
1052 1539 64 1534 1256 2 0 193768 0.1
1053 1531 73 1534 1241 2 0 189782 0.1
1054 1525 66 1534 1232 2 0 186972 0.1
1055 1504 58 1535 1197 2 0 180633 0.1
1056 1536 59 1536 1244 2 0 192206 0.1
1057 1539 61 1536 1255 2 0 193583 0.1
1058 1550 69 1536 1259 2 0 194855 0.1
1059 1521 67 1537 1231 2 0 188614 0.1
1060 1527 61 1538 1230 2 0 188907 0.1
1061 1519 67 1538 1214 2 0 185753 0.1
1062 1533 59 1538 1237 2 0 189721 0.1
1063 1571 59 1538 1300 2 0 204987 0.1
1064 1554 66 1538 1273 2 0 196402 0.1
1065 1557 66 1538 1272 2 0 198633 0.1
1066 1547 61 1539 1256 2 0 195293 0.1
1067 1558 64 1539 1282 2 0 201124 0.1
1068 1549 68 1539 1263 2 0 197654 0.1
1069 1535 75 1541 1238 2 0 191070 0.1
1070 1542 69 1541 1255 2 0 193521 0.1
1071 1536 68 1541 1248 2 0 191682 0.1
1072 1573 64 1541 1304 2 0 203821 0.1
1073 1551 72 1541 1268 2 0 197001 0.1
1074 1559 71 1543 1276 2 0 199012 0.1
1075 1550 69 1544 1266 2 0 197069 0.1
1076 1545 69 1546 1268 2 0 196742 0.1
1077 1568 57 1546 1300 2 0 203883 0.1
1078 1564 62 1546 1296 2 0 204579 0.1
1079 1565 57 1547 1292 2 0 202484 0.1
1080 1534 67 1548 1238 2 0 190570 0.1
1081 1537 63 1550 1240 2 0 190752 0.1
1082 1537 66 1550 1248 2 0 192537 0.1
1083 1543 60 1550 1263 2 0 195943 0.1
1084 1546 70 1550 1262 2 0 194279 0.1
1085 1528 70 1550 1234 2 0 188281 0.1
1086 1538 69 1552 1241 2 0 190931 0.1
1087 1557 65 1553 1275 2 0 197510 0.1
1088 1551 68 1553 1271 2 0 197428 0.1
1089 1557 62 1554 1278 2 0 199618 0.1
1090 1568 57 1555 1297 2 0 203521 0.1
1091 1547 58 1556 1271 2 0 197386 0.1
1092 1568 64 1556 1299 2 0 202571 0.1
1093 1554 70 1558 1275 2 0 198124 0.1
1094 1573 67 1559 1301 2 0 205282 0.1
1095 1563 62 1559 1281 2 0 203105 0.1
1096 1581 74 1559 1314 2 0 207348 0.1
1097 1574 67 1560 1310 2 0 206003 0.1
1098 1566 64 1561 1299 2 0 202090 0.1
1099 1573 63 1561 1298 2 0 204331 0.1
1100 1563 63 1562 1289 2 0 200860 0.1
1101 1544 69 1562 1256 2 0 192952 0.1
1102 1530 61 1562 1237 2 0 188315 0.1
1103 1527 62 1562 1224 2 0 186934 0.1
1104 1513 63 1563 1204 2 0 184057 0.1
1105 1535 65 1563 1226 2 0 188039 0.1
1106 1499 62 1563 1178 2 0 177750 0.1
1107 1551 60 1563 1263 2 0 195849 0.1
1108 1531 63 1563 1241 2 0 189261 0.1
1109 1536 60 1563 1245 2 0 191331 0.1
1110 1555 66 1564 1274 2 0 196896 0.1
1111 1551 60 1564 1277 2 0 197507 0.1
1112 1542 68 1565 1256 2 0 194647 0.1
1113 1551 68 1566 1276 2 0 200474 0.1
1114 1552 62 1568 1279 2 0 199952 0.1
1115 1589 62 1569 1331 2 0 210550 0.1
1116 1557 64 1569 1279 2 0 199349 0.1
1117 1565 63 1569 1286 2 0 202491 0.1
1118 1536 64 1569 1237 2 0 191681 0.1
1119 1530 70 1569 1240 2 0 189844 0.1
1120 1551 65 1569 1271 2 0 197098 0.1
1121 1550 64 1569 1258 2 0 195263 0.1
1122 1544 62 1569 1251 2 0 194606 0.1
1123 1551 59 1570 1267 2 0 197228 0.1
1124 1552 55 1570 1269 2 0 196755 0.1
1125 1556 63 1571 1276 2 0 198695 0.1
1126 1546 60 1573 1270 2 0 196025 0.1
1127 1581 56 1574 1320 2 0 207575 0.1
1128 1556 64 1574 1273 2 0 198246 0.1
1129 1578 67 1574 1310 2 0 207005 0.1
1130 1520 65 1575 1213 2 0 185015 0.1
1131 1544 63 1576 1258 2 0 194514 0.1
1132 1530 67 1576 1234 2 0 188717 0.1
1133 1599 55 1577 1356 2 0 216943 0.1
1134 1573 53 1577 1303 2 0 204689 0.1
1135 1556 59 1578 1285 2 0 200357 0.1
1136 1568 57 1578 1303 2 0 204649 0.1
1137 1553 68 1578 1277 2 0 198108 0.1
1138 1540 74 1578 1257 2 0 192826 0.1
1139 1538 76 1580 1255 2 0 192641 0.1
1140 1554 69 1581 1282 2 0 199288 0.1
1141 1564 64 1582 1284 2 0 199895 0.1
1142 1518 59 1582 1214 2 0 185082 0.1
1143 1544 62 1583 1254 2 0 192828 0.1
1144 1554 56 1584 1269 2 0 199121 0.1
1145 1576 66 1585 1299 2 0 204999 0.1
1146 1558 64 1586 1271 2 0 198557 0.1
1147 1538 78 1587 1252 2 0 194447 0.1
1148 1518 67 1588 1218 2 0 185245 0.1
1149 1530 73 1590 1236 2 0 189758 0.1
1150 1525 70 1590 1224 2 0 188485 0.1
1151 1547 67 1590 1264 2 0 195357 0.1
1152 1566 59 1591 1294 2 0 202303 0.1
1153 1596 57 1591 1343 2 0 213805 0.1
1154 1561 69 1592 1284 2 0 200084 0.1
1155 1553 62 1593 1267 2 0 197227 0.1
1156 1577 62 1594 1306 2 0 206583 0.1
1157 1541 68 1598 1251 2 0 193434 0.1
1158 1543 65 1598 1253 2 0 192357 0.1
1159 1555 65 1600 1282 2 0 200848 0.1
1160 1548 70 1602 1274 2 0 197355 0.1
1161 1555 68 1602 1273 2 0 197173 0.1
1162 1521 61 1602 1212 2 0 183193 0.1
1163 1555 65 1602 1279 2 0 197694 0.1
1164 1554 70 1603 1269 2 0 195430 0.1
1165 1556 69 1604 1282 2 0 199332 0.1
1166 1563 60 1604 1295 2 0 201144 0.1
1167 1556 66 1606 1282 2 0 200780 0.1
1168 1565 66 1606 1291 2 0 201446 0.1
1169 1585 61 1606 1318 2 0 208486 0.1
1170 1560 60 1606 1281 2 0 201471 0.1
1171 1568 69 1606 1292 2 0 202788 0.1
1172 1559 70 1606 1283 2 0 200400 0.1
1173 1561 73 1606 1296 2 0 202052 0.1
1174 1532 70 1608 1240 2 0 188210 0.1
1175 1538 64 1608 1243 2 0 189164 0.1
1176 1598 56 1608 1349 2 0 215107 0.1
1177 1571 59 1608 1300 2 0 204764 0.1
1178 1547 63 1608 1266 2 0 195917 0.1
1179 1532 59 1609 1235 2 0 189453 0.1
1180 1519 58 1609 1224 2 0 186917 0.1
1181 1509 67 1609 1209 2 0 182861 0.1
1182 1553 63 1610 1271 2 0 196639 0.1
1183 1525 57 1610 1226 2 0 187641 0.1
1184 1554 56 1610 1271 2 0 197528 0.1
1185 1567 59 1610 1294 2 0 203521 0.1
1186 1538 58 1612 1243 2 0 191210 0.1
1187 1548 66 1613 1267 2 0 197508 0.1
1188 1511 57 1614 1207 2 0 183206 0.1
1189 1548 58 1614 1261 2 0 195504 0.1
1190 1571 59 1614 1295 2 0 203984 0.1
1191 1528 69 1614 1235 2 0 188405 0.1
1192 1522 72 1614 1224 2 0 186736 0.1
1193 1541 66 1614 1261 2 0 194559 0.1
1194 1546 63 1615 1262 2 0 194685 0.1
1195 1528 56 1615 1234 2 0 187615 0.1
1196 1553 67 1615 1275 2 0 195541 0.1
1197 1550 72 1616 1267 2 0 194647 0.1
1198 1538 70 1617 1248 2 0 191835 0.1
1199 1540 60 1617 1252 2 0 192434 0.1
1200 1580 59 1618 1313 2 0 208111 0.1
1201 1554 62 1618 1267 2 0 198449 0.1
1202 1565 59 1618 1294 2 0 203258 0.1
1203 1575 66 1618 1306 2 0 205260 0.1
1204 1566 64 1619 1300 2 0 204534 0.1
1205 1554 74 1620 1266 2 0 197279 0.1
1206 1569 69 1620 1295 2 0 204100 0.1
1207 1535 63 1620 1248 2 0 190558 0.1
1208 1525 64 1622 1220 2 0 185351 0.1
1209 1539 64 1622 1246 2 0 191650 0.1
1210 1513 68 1623 1213 2 0 183491 0.1
1211 1525 65 1623 1240 2 0 188754 0.1
1212 1535 68 1623 1242 2 0 190488 0.1
1213 1553 59 1624 1273 2 0 197286 0.1
1214 1556 65 1625 1273 2 0 197522 0.1
1215 1578 70 1625 1315 2 0 207754 0.1
1216 1576 61 1626 1308 2 0 206259 0.1
1217 1547 69 1626 1264 2 0 195815 0.1
1218 1525 66 1626 1236 2 0 188986 0.1
1219 1522 72 1626 1232 2 0 188579 0.1
1220 1550 65 1626 1276 2 0 198563 0.1
1221 1525 65 1627 1229 2 0 187882 0.1
1222 1524 60 1627 1228 2 0 187593 0.1
1223 1528 57 1628 1235 2 0 188515 0.1
1224 1562 59 1628 1282 2 0 200463 0.1
1225 1555 63 1628 1277 2 0 199465 0.1
1226 1529 64 1628 1238 2 0 189660 0.1
1227 1575 63 1630 1317 2 0 207685 0.1
1228 1560 62 1630 1286 2 0 201985 0.1
1229 1547 63 1631 1266 2 0 195774 0.1
1230 1541 63 1631 1262 2 0 193745 0.1
1231 1541 72 1632 1256 2 0 192240 0.1
1232 1551 69 1633 1273 2 0 197780 0.1
1233 1539 67 1633 1253 2 0 191735 0.1
1234 1582 71 1633 1320 2 0 207999 0.1
1235 1559 69 1633 1295 2 0 201265 0.1
1236 1565 72 1633 1301 2 0 201975 0.1
1237 1574 69 1634 1311 2 0 205372 0.1
1238 1531 66 1635 1247 2 0 191167 0.1
1239 1542 62 1636 1257 2 0 192698 0.1
1240 1538 65 1637 1252 2 0 191823 0.1
1241 1550 70 1637 1277 2 0 198008 0.1
1242 1515 68 1639 1223 2 0 185037 0.1
1243 1513 66 1640 1220 2 0 185815 0.1
1244 1521 63 1641 1217 2 0 184700 0.1
1245 1501 69 1642 1192 2 0 178941 0.1
1246 1526 67 1643 1231 2 0 187528 0.1
1247 1558 65 1644 1285 2 0 201861 0.1
1248 1563 67 1645 1284 2 0 200368 0.1
1249 1552 63 1646 1267 2 0 195805 0.1
1250 1494 74 1648 1186 2 0 177407 0.1
1251 1539 68 1648 1255 2 0 193911 0.1
1252 1530 74 1649 1231 2 0 187790 0.1
1253 1538 74 1651 1242 2 0 189896 0.1
1254 1561 71 1651 1281 2 0 199523 0.1
1255 1540 66 1651 1247 2 0 192724 0.1
1256 1564 64 1652 1290 2 0 202182 0.1
1257 1550 67 1654 1262 2 0 194794 0.1
1258 1551 64 1655 1271 2 0 199405 0.1
1259 1537 61 1656 1250 2 0 193663 0.1
1260 1561 63 1658 1276 2 0 199629 0.1
1261 1520 63 1658 1226 2 0 185532 0.1
1262 1557 66 1658 1275 2 0 198679 0.1
1263 1578 64 1659 1311 2 0 207276 0.1
1264 1577 76 1659 1310 2 0 207628 0.1
1265 1562 70 1660 1275 2 0 199620 0.1
1266 1532 67 1662 1240 2 0 190808 0.1
1267 1549 63 1664 1266 2 0 195832 0.1
1268 1512 67 1664 1214 2 0 183382 0.1
1269 1514 73 1665 1214 2 0 183132 0.1
1270 1514 71 1665 1215 2 0 184186 0.1
1271 1558 75 1665 1286 2 0 201219 0.1
1272 1549 63 1665 1271 2 0 197337 0.1
1273 1545 67 1666 1259 2 0 195518 0.1
1274 1550 59 1666 1267 2 0 197882 0.1
1275 1551 60 1666 1277 2 0 197747 0.1
1276 1538 64 1666 1255 2 0 194753 0.1
1277 1520 63 1667 1222 2 0 186850 0.1
1278 1543 59 1667 1254 2 0 193833 0.1
1279 1539 67 1667 1251 2 0 193063 0.1
1280 1545 60 1667 1265 2 0 194514 0.1
1281 1548 65 1667 1260 2 0 194716 0.1
1282 1546 59 1667 1268 2 0 196490 0.1
1283 1545 57 1668 1262 2 0 195262 0.1
1284 1573 50 1669 1300 2 0 205801 0.1
1285 1579 63 1670 1312 2 0 207233 0.1
1286 1557 61 1672 1284 2 0 200799 0.1
1287 1569 63 1672 1297 2 0 205401 0.1
1288 1536 63 1672 1249 2 0 193096 0.1
1289 1561 59 1673 1291 2 0 201893 0.1
1290 1561 65 1673 1292 2 0 201756 0.1
1291 1542 64 1673 1249 2 0 193075 0.1
1292 1548 72 1673 1263 2 0 196047 0.1
1293 1569 69 1674 1304 2 0 204919 0.1
1294 1567 62 1675 1307 2 0 204655 0.1
1295 1523 67 1676 1230 2 0 186839 0.1
1296 1523 65 1676 1230 2 0 186641 0.1
1297 1557 67 1678 1284 2 0 198003 0.1
1298 1559 70 1678 1280 2 0 198541 0.1
1299 1550 68 1679 1267 2 0 195911 0.1
1300 1553 68 1680 1269 2 0 196657 0.1
1301 1530 68 1681 1235 2 0 188622 0.1
1302 1541 58 1681 1256 2 0 192732 0.1
1303 1519 66 1682 1225 2 0 186118 0.1
1304 1562 66 1682 1281 2 0 201144 0.1
1305 1576 66 1682 1307 2 0 207522 0.1
1306 1582 72 1682 1322 2 0 208786 0.1
1307 1579 70 1682 1316 2 0 207772 0.1
1308 1547 67 1683 1263 2 0 195855 0.1
1309 1513 69 1683 1200 2 0 180216 0.1
1310 1546 64 1683 1261 2 0 194530 0.1
1311 1557 61 1683 1280 2 0 198759 0.1
1312 1554 63 1683 1268 2 0 196957 0.1
1313 1574 65 1684 1312 2 0 205110 0.1
1314 1563 71 1684 1292 2 0 201219 0.1
1315 1574 65 1686 1313 2 0 205992 0.1
1316 1556 63 1687 1283 2 0 199289 0.1
1317 1536 69 1688 1241 2 0 191542 0.1
1318 1549 72 1689 1262 2 0 194778 0.1
1319 1555 70 1690 1277 2 0 197109 0.1
1320 1553 69 1690 1266 2 0 195870 0.1
1321 1556 62 1692 1268 2 0 197862 0.1
1322 1544 63 1692 1246 2 0 192821 0.1
1323 1555 63 1692 1269 2 0 199370 0.1
1324 1539 61 1692 1250 2 0 193171 0.1
1325 1536 63 1692 1247 2 0 191811 0.1
1326 1562 65 1692 1292 2 0 202031 0.1
1327 1571 66 1692 1299 2 0 203670 0.1
1328 1567 67 1692 1292 2 0 203264 0.1
1329 1569 67 1692 1305 2 0 204844 0.1
1330 1539 66 1692 1243 2 0 191286 0.1
1331 1577 64 1693 1312 2 0 206556 0.1
1332 1562 62 1695 1287 2 0 199420 0.1
1333 1553 59 1695 1262 2 0 195315 0.1
1334 1558 59 1695 1282 2 0 201456 0.1
1335 1564 61 1697 1296 2 0 201999 0.1
1336 1564 57 1697 1294 2 0 202388 0.1
1337 1586 60 1697 1322 2 0 209434 0.1
1338 1565 60 1698 1286 2 0 201792 0.1
1339 1573 62 1699 1306 2 0 205329 0.1
1340 1562 68 1699 1281 2 0 201238 0.1
1341 1559 70 1699 1287 2 0 200574 0.1
1342 1580 66 1699 1305 2 0 206460 0.1
1343 1569 62 1699 1295 2 0 203401 0.1
1344 1563 72 1699 1292 2 0 202689 0.1
1345 1570 59 1699 1302 2 0 204548 0.1
1346 1559 62 1699 1278 2 0 199611 0.1
1347 1533 67 1699 1237 2 0 189322 0.1
1348 1514 69 1700 1215 2 0 184335 0.1
1349 1547 75 1700 1257 2 0 192345 0.1
1350 1569 73 1700 1302 2 0 203484 0.1
1351 1548 77 1700 1268 2 0 196164 0.1
1352 1556 74 1701 1274 2 0 197608 0.1
1353 1551 78 1702 1267 2 0 195596 0.1
1354 1526 68 1702 1224 2 0 185760 0.1
1355 1541 58 1702 1248 2 0 191964 0.1
1356 1527 67 1702 1229 2 0 187222 0.1
1357 1539 65 1704 1254 2 0 193603 0.1
1358 1549 69 1704 1261 2 0 195870 0.1
1359 1566 68 1705 1289 2 0 202099 0.1
1360 1539 68 1707 1249 2 0 192169 0.1
1361 1530 70 1708 1235 2 0 188152 0.1
1362 1572 64 1710 1306 2 0 205649 0.1
1363 1534 62 1712 1244 2 0 190896 0.1
1364 1531 56 1712 1243 2 0 191276 0.1
1365 1516 58 1713 1217 2 0 184616 0.1
1366 1526 66 1713 1233 2 0 188106 0.1
1367 1549 59 1713 1263 2 0 195293 0.1
1368 1517 68 1715 1219 2 0 184681 0.1
1369 1529 63 1716 1239 2 0 189317 0.1
1370 1523 65 1716 1227 2 0 187308 0.1
1371 1536 69 1716 1233 2 0 190821 0.1
1372 1533 60 1717 1241 2 0 190392 0.1
1373 1526 66 1718 1235 2 0 188992 0.1
1374 1541 67 1718 1264 2 0 196215 0.1
1375 1531 66 1719 1236 2 0 189989 0.1
1376 1551 68 1719 1263 2 0 196182 0.1
1377 1516 63 1719 1217 2 0 184995 0.1
1378 1526 67 1719 1226 2 0 187486 0.1
1379 1524 63 1720 1233 2 0 188978 0.1
1380 1573 65 1721 1309 2 0 207347 0.1
1381 1544 66 1721 1258 2 0 194445 0.1
1382 1550 57 1722 1267 2 0 196273 0.1
1383 1516 63 1723 1213 2 0 183513 0.1
1384 1527 68 1723 1233 2 0 188890 0.1
1385 1526 62 1723 1236 2 0 189311 0.1
1386 1534 77 1726 1243 2 0 191471 0.1
1387 1562 63 1726 1289 2 0 201793 0.1
1388 1559 67 1729 1273 2 0 197998 0.1
1389 1537 71 1729 1238 2 0 189015 0.1
1390 1508 69 1729 1207 2 0 181015 0.1
1391 1512 62 1729 1210 2 0 182023 0.1
1392 1559 64 1729 1290 2 0 199953 0.1
1393 1533 63 1729 1239 2 0 188044 0.1
1394 1546 57 1729 1275 2 0 196571 0.1
1395 1572 60 1729 1309 2 0 205208 0.1
1396 1553 60 1730 1274 2 0 197056 0.1
1397 1561 56 1730 1285 2 0 200802 0.1
1398 1559 57 1730 1284 2 0 200594 0.1
1399 1533 59 1730 1253 2 0 193517 0.1
1400 1525 56 1731 1239 2 0 190696 0.1
1401 1554 63 1731 1279 2 0 199652 0.1
1402 1549 66 1731 1269 2 0 196981 0.1
1403 1528 77 1732 1224 2 0 186561 0.1
1404 1568 67 1733 1295 2 0 203183 0.1
1405 1534 72 1735 1247 2 0 192520 0.1
1406 1539 62 1735 1245 2 0 192165 0.1
1407 1548 63 1735 1256 2 0 195282 0.1
1408 1566 61 1735 1289 2 0 200434 0.1
1409 1537 60 1735 1248 2 0 189924 0.1
1410 1573 67 1735 1304 2 0 204176 0.1
1411 1561 61 1735 1286 2 0 201405 0.1
1412 1559 52 1735 1283 2 0 200752 0.1
1413 1546 62 1737 1263 2 0 196504 0.1
1414 1561 63 1738 1281 2 0 200514 0.1
1415 1554 62 1738 1271 2 0 197541 0.1
1416 1548 58 1741 1266 2 0 195941 0.1
1417 1557 66 1741 1281 2 0 198821 0.1
1418 1549 66 1741 1271 2 0 196980 0.1
1419 1528 67 1741 1240 2 0 190692 0.1
1420 1557 69 1741 1274 2 0 200101 0.1
1421 1551 66 1741 1263 2 0 195130 0.1
1422 1591 63 1742 1335 2 0 213192 0.1
1423 1551 62 1742 1261 2 0 194451 0.1
1424 1547 66 1742 1271 2 0 197274 0.1
1425 1541 67 1742 1244 2 0 189934 0.1
1426 1556 65 1743 1278 2 0 198819 0.1
1427 1528 71 1744 1230 2 0 187502 0.1
1428 1510 63 1745 1213 2 0 184284 0.1
1429 1530 61 1745 1241 2 0 189856 0.1
1430 1532 62 1745 1239 2 0 191074 0.1
1431 1527 62 1746 1235 2 0 189170 0.1
1432 1555 67 1747 1280 2 0 199592 0.1
1433 1560 62 1747 1294 2 0 201065 0.1
1434 1586 64 1747 1325 2 0 208887 0.1
1435 1558 63 1747 1281 2 0 199232 0.1
1436 1549 71 1747 1273 2 0 197661 0.1
1437 1545 61 1747 1263 2 0 194570 0.1
1438 1552 63 1747 1280 2 0 199915 0.1
1439 1516 63 1748 1217 2 0 184530 0.1
1440 1548 60 1748 1267 2 0 196088 0.1
1441 1551 63 1750 1284 2 0 199763 0.1
1442 1560 61 1752 1283 2 0 199531 0.1
1443 1552 63 1753 1271 2 0 196249 0.1
1444 1583 63 1753 1317 2 0 207658 0.1
1445 1584 60 1754 1317 2 0 209095 0.1
1446 1556 61 1754 1279 2 0 198448 0.1
1447 1531 60 1755 1227 2 0 188402 0.1
1448 1535 65 1755 1233 2 0 189150 0.1
1449 1526 66 1756 1232 2 0 187714 0.1
1450 1519 65 1756 1224 2 0 186321 0.1
1451 1528 70 1756 1236 2 0 190207 0.1
1452 1530 73 1756 1238 2 0 189881 0.1
1453 1537 65 1756 1250 2 0 192635 0.1
1454 1574 59 1757 1311 2 0 207576 0.1
1455 1577 59 1757 1313 2 0 207519 0.1
1456 1570 61 1758 1306 2 0 204525 0.1
1457 1549 61 1758 1266 2 0 195689 0.1
1458 1536 64 1760 1236 2 0 190332 0.1
1459 1564 52 1762 1284 2 0 200642 0.1
1460 1550 60 1762 1265 2 0 196139 0.1
1461 1572 57 1763 1290 2 0 202468 0.1
1462 1571 65 1763 1303 2 0 204655 0.1
1463 1570 63 1763 1297 2 0 204215 0.1
1464 1545 67 1764 1250 2 0 196083 0.1
1465 1549 67 1766 1259 2 0 196757 0.1
1466 1545 58 1766 1264 2 0 196693 0.1
1467 1599 59 1766 1346 2 0 215017 0.1
1468 1587 59 1766 1336 2 0 213141 0.1
1469 1551 64 1766 1269 2 0 196618 0.1
1470 1542 56 1767 1255 2 0 194233 0.1
1471 1508 58 1767 1204 2 0 180762 0.1
1472 1546 63 1767 1264 2 0 194708 0.1
1473 1552 66 1767 1281 2 0 198490 0.1
1474 1554 68 1767 1276 2 0 199308 0.1
1475 1560 62 1767 1285 2 0 200334 0.1
1476 1565 60 1767 1288 2 0 202862 0.1
1477 1548 61 1767 1261 2 0 195428 0.1
1478 1538 70 1767 1251 2 0 193814 0.1
1479 1560 66 1767 1289 2 0 201085 0.1
1480 1560 57 1767 1284 2 0 200342 0.1
1481 1551 66 1768 1274 2 0 198194 0.1
1482 1583 68 1769 1315 2 0 208894 0.1
1483 1549 68 1771 1270 2 0 197849 0.1
1484 1553 76 1772 1277 2 0 198446 0.1
1485 1551 66 1772 1264 2 0 197010 0.1
1486 1548 69 1772 1268 2 0 197769 0.1
1487 1560 72 1773 1282 2 0 202805 0.1
1488 1528 60 1774 1237 2 0 189753 0.1
1489 1570 61 1775 1301 2 0 204635 0.1
1490 1599 60 1775 1345 2 0 214740 0.1
1491 1560 69 1776 1281 2 0 198966 0.1
1492 1556 60 1776 1280 2 0 198718 0.1
1493 1543 67 1777 1253 2 0 194445 0.1
1494 1517 66 1778 1214 2 0 184687 0.1
1495 1518 77 1779 1211 2 0 184377 0.1
1496 1565 72 1781 1296 2 0 203997 0.1
1497 1565 64 1781 1294 2 0 203744 0.1
1498 1550 59 1782 1267 2 0 195842 0.1
1499 1539 61 1782 1250 2 0 192990 0.1
1500 1561 65 1782 1279 2 0 198864 0.1
1501 1543 70 1782 1263 2 0 193919 0.1
1502 1549 64 1782 1269 2 0 196395 0.1
1503 1563 66 1783 1299 2 0 202544 0.1
1504 1533 64 1783 1242 2 0 191284 0.1
1505 1526 63 1783 1228 2 0 187215 0.1
1506 1538 71 1783 1240 2 0 191088 0.1
1507 1544 77 1784 1254 2 0 193455 0.1
1508 1552 71 1785 1262 2 0 195649 0.1
1509 1546 65 1785 1266 2 0 196091 0.1
1510 1567 68 1785 1298 2 0 202135 0.1
1511 1545 68 1786 1251 2 0 192297 0.1
1512 1551 67 1786 1266 2 0 195994 0.1
1513 1591 57 1786 1329 2 0 211270 0.1
1514 1548 65 1787 1264 2 0 195270 0.1
1515 1557 68 1787 1276 2 0 198148 0.1
1516 1533 61 1787 1234 2 0 190788 0.1
1517 1526 65 1788 1232 2 0 190179 0.1
1518 1549 67 1789 1256 2 0 194091 0.1
1519 1524 70 1789 1228 2 0 187999 0.1
1520 1554 65 1789 1277 2 0 199118 0.1
1521 1503 64 1789 1196 2 0 181656 0.1
1522 1506 64 1789 1203 2 0 181728 0.1
1523 1538 69 1790 1249 2 0 192309 0.1
1524 1563 64 1790 1286 2 0 202010 0.1
1525 1568 59 1790 1299 2 0 203060 0.1
1526 1576 63 1791 1311 2 0 205965 0.1
1527 1534 64 1791 1245 2 0 190734 0.1
1528 1562 62 1792 1283 2 0 199742 0.1
1529 1563 54 1792 1287 2 0 201278 0.1
1530 1558 64 1792 1277 2 0 199437 0.1
1531 1509 70 1792 1203 2 0 181802 0.1
1532 1544 71 1793 1265 2 0 195270 0.1
1533 1551 67 1794 1269 2 0 197774 0.1
1534 1560 67 1795 1286 2 0 201667 0.1
1535 1560 68 1796 1284 2 0 201290 0.1
1536 1540 71 1796 1255 2 0 192429 0.1
1537 1555 68 1796 1284 2 0 199951 0.1
1538 1575 65 1796 1306 2 0 206310 0.1
1539 1544 69 1797 1257 2 0 195497 0.1
1540 1561 63 1797 1281 2 0 200160 0.1
1541 1561 63 1798 1279 2 0 199623 0.1
1542 1545 70 1800 1258 2 0 193695 0.1
1543 1563 64 1800 1294 2 0 202331 0.1
1544 1540 78 1801 1256 2 0 192527 0.1
1545 1571 66 1801 1311 2 0 204743 0.1
1546 1534 71 1801 1244 2 0 191428 0.1
1547 1577 60 1801 1314 2 0 207428 0.1
1548 1567 59 1801 1295 2 0 203484 0.1
1549 1560 62 1801 1291 2 0 200890 0.1
1550 1565 54 1802 1292 2 0 201615 0.1
1551 1555 57 1802 1279 2 0 198876 0.1
1552 1528 59 1802 1243 2 0 190237 0.1
1553 1568 61 1803 1304 2 0 204442 0.1
1554 1563 62 1803 1287 2 0 200857 0.1
1555 1585 64 1803 1330 2 0 209772 0.1
1556 1533 65 1803 1243 2 0 190749 0.1
1557 1532 65 1804 1239 2 0 189471 0.1
1558 1518 66 1804 1218 2 0 183964 0.1
1559 1556 58 1804 1276 2 0 198818 0.1
1560 1559 69 1805 1284 2 0 199703 0.1
1561 1527 68 1805 1230 2 0 187407 0.1
1562 1553 66 1805 1273 2 0 197988 0.1
1563 1549 65 1805 1262 2 0 196869 0.1
1564 1581 62 1805 1312 2 0 208134 0.1
1565 1575 66 1805 1306 2 0 207354 0.1
1566 1554 64 1805 1278 2 0 198133 0.1
1567 1541 67 1805 1254 2 0 193201 0.1
1568 1542 65 1806 1255 2 0 193455 0.1
1569 1552 65 1806 1273 2 0 198153 0.1
1570 1557 62 1807 1284 2 0 199118 0.1
1571 1566 66 1807 1294 2 0 200980 0.1
1572 1513 72 1807 1211 2 0 182994 0.1
1573 1544 70 1807 1265 2 0 194973 0.1
1574 1584 66 1807 1324 2 0 208874 0.1
1575 1573 66 1807 1308 2 0 205885 0.1
1576 1582 63 1809 1318 2 0 208422 0.1
1577 1567 70 1809 1305 2 0 204880 0.1
1578 1539 74 1811 1251 2 0 190840 0.1
1579 1542 71 1811 1253 2 0 193033 0.1
1580 1571 57 1812 1299 2 0 204021 0.1
1581 1556 62 1812 1282 2 0 201442 0.1
1582 1531 63 1813 1244 2 0 190668 0.1
1583 1552 75 1814 1275 2 0 198162 0.1
1584 1522 69 1816 1220 2 0 184860 0.1
1585 1530 71 1816 1239 2 0 190401 0.1
1586 1555 66 1817 1281 2 0 200326 0.1
1587 1552 59 1818 1275 2 0 198205 0.1
1588 1527 72 1821 1236 2 0 189066 0.1
1589 1532 67 1822 1234 2 0 189512 0.1
1590 1547 64 1822 1260 2 0 195029 0.1
1591 1548 69 1822 1264 2 0 195483 0.1
1592 1545 65 1822 1264 2 0 196303 0.1
1593 1547 66 1822 1261 2 0 195207 0.1
1594 1550 67 1824 1269 2 0 196047 0.1
1595 1533 60 1825 1245 2 0 192179 0.1
1596 1562 60 1825 1292 2 0 202709 0.1
1597 1577 67 1825 1311 2 0 206917 0.1
1598 1569 66 1825 1296 2 0 202467 0.1
1599 1530 70 1825 1238 2 0 189640 0.1
1600 1552 62 1827 1280 2 0 199073 0.1
1601 1566 71 1827 1287 2 0 200947 0.1
1602 1562 64 1828 1289 2 0 201763 0.1
1603 1530 63 1828 1244 2 0 190152 0.1
1604 1556 59 1828 1280 2 0 198485 0.1
1605 1559 65 1828 1276 2 0 198892 0.1
1606 1561 56 1828 1287 2 0 201479 0.1
1607 1529 56 1828 1233 2 0 189416 0.1
1608 1557 57 1828 1265 2 0 199226 0.1
1609 1558 59 1828 1285 2 0 201859 0.1
1610 1570 55 1828 1300 2 0 205488 0.1
1611 1563 61 1828 1282 2 0 201378 0.1
1612 1536 66 1829 1243 2 0 191854 0.1
1613 1534 63 1829 1238 2 0 190160 0.1
1614 1520 60 1829 1228 2 0 187098 0.1
1615 1532 63 1829 1249 2 0 191905 0.1
1616 1505 63 1829 1211 2 0 183003 0.1
1617 1542 74 1829 1252 2 0 192524 0.1
1618 1540 61 1829 1256 2 0 192982 0.1
1619 1531 62 1829 1241 2 0 190101 0.1
1620 1513 57 1829 1209 2 0 183778 0.1
1621 1526 63 1830 1232 2 0 189582 0.1
1622 1563 58 1830 1285 2 0 201710 0.1
1623 1569 61 1830 1297 2 0 203985 0.1
1624 1567 70 1830 1302 2 0 204971 0.1
1625 1554 64 1830 1277 2 0 197738 0.1
1626 1553 67 1831 1276 2 0 198655 0.1
1627 1581 65 1831 1312 2 0 207066 0.1
1628 1571 63 1832 1294 2 0 203465 0.1
1629 1547 67 1832 1262 2 0 194888 0.1
1630 1554 63 1833 1275 2 0 198498 0.1
1631 1533 68 1834 1239 2 0 190302 0.1
1632 1530 62 1834 1239 2 0 189932 0.1
1633 1528 66 1836 1240 2 0 191204 0.1
1634 1555 70 1836 1284 2 0 200548 0.1
1635 1521 76 1836 1218 2 0 184553 0.1
1636 1497 70 1836 1186 2 0 178134 0.1
1637 1507 64 1837 1203 2 0 181563 0.1
1638 1563 65 1838 1290 2 0 201536 0.1
1639 1573 67 1838 1303 2 0 205144 0.1
1640 1580 67 1839 1312 2 0 207155 0.1
1641 1533 63 1839 1234 2 0 189208 0.1
1642 1522 68 1840 1223 2 0 187193 0.1
1643 1525 66 1841 1228 2 0 187260 0.1
1644 1541 66 1841 1248 2 0 192241 0.1
1645 1547 69 1841 1260 2 0 195610 0.1
1646 1555 64 1841 1276 2 0 199541 0.1
1647 1554 57 1841 1274 2 0 199083 0.1
1648 1578 61 1842 1315 2 0 207416 0.1
1649 1582 63 1842 1321 2 0 209487 0.1
1650 1573 61 1842 1309 2 0 206936 0.1
1651 1545 68 1843 1264 2 0 194641 0.1
1652 1527 67 1845 1232 2 0 188145 0.1
1653 1576 61 1846 1315 2 0 207250 0.1
1654 1587 61 1846 1333 2 0 210760 0.1
1655 1534 67 1847 1253 2 0 191968 0.1
1656 1510 66 1847 1214 2 0 183894 0.1
1657 1540 66 1848 1255 2 0 194339 0.1
1658 1547 65 1848 1258 2 0 195415 0.1
1659 1512 66 1848 1198 2 0 182096 0.1
1660 1511 67 1848 1207 2 0 183049 0.1
1661 1558 72 1848 1285 2 0 199818 0.1
1662 1540 70 1849 1260 2 0 193875 0.1
1663 1593 64 1849 1339 2 0 212650 0.1
1664 1540 70 1849 1252 2 0 192420 0.1
1665 1535 76 1849 1250 2 0 192261 0.1
1666 1560 60 1849 1283 2 0 199591 0.1
1667 1554 56 1849 1274 2 0 198769 0.1
1668 1547 67 1849 1268 2 0 195645 0.1
1669 1550 61 1851 1267 2 0 198139 0.1
1670 1549 62 1851 1264 2 0 197384 0.1
1671 1556 60 1851 1273 2 0 199314 0.1
1672 1587 62 1851 1322 2 0 208723 0.1
1673 1580 61 1851 1314 2 0 208100 0.1
1674 1558 63 1851 1268 2 0 198542 0.1
1675 1563 65 1852 1286 2 0 200333 0.1
1676 1571 58 1852 1302 2 0 203522 0.1
1677 1545 61 1852 1254 2 0 193160 0.1
1678 1528 65 1852 1231 2 0 186800 0.1
1679 1537 63 1854 1245 2 0 190706 0.1
1680 1526 69 1854 1231 2 0 187319 0.1
1681 1522 62 1854 1224 2 0 187447 0.1
1682 1545 65 1854 1255 2 0 194350 0.1
1683 1545 69 1856 1267 2 0 196654 0.1
1684 1536 71 1858 1245 2 0 191904 0.1
1685 1524 73 1859 1230 2 0 187189 0.1
1686 1509 62 1859 1222 2 0 183637 0.1
1687 1511 64 1859 1206 2 0 181439 0.1
1688 1532 67 1860 1246 2 0 189138 0.1
1689 1553 64 1861 1261 2 0 195853 0.1
1690 1526 64 1861 1228 2 0 188512 0.1
1691 1558 66 1861 1281 2 0 199922 0.1
1692 1548 63 1861 1263 2 0 195564 0.1
1693 1544 59 1862 1258 2 0 194876 0.1
1694 1552 60 1862 1267 2 0 195904 0.1
1695 1547 64 1864 1267 2 0 195444 0.1
1696 1525 71 1864 1229 2 0 186672 0.1
1697 1536 70 1865 1254 2 0 192829 0.1
1698 1570 62 1866 1300 2 0 204288 0.1
1699 1563 61 1866 1276 2 0 200837 0.1
1700 1558 60 1866 1272 2 0 198409 0.1
1701 1576 60 1866 1296 2 0 205357 0.1
1702 1563 63 1866 1286 2 0 204196 0.1
1703 1552 67 1866 1264 2 0 197628 0.1
1704 1545 66 1866 1250 2 0 193579 0.1
1705 1530 70 1866 1229 2 0 188404 0.1
1706 1530 66 1867 1237 2 0 189756 0.1
1707 1516 71 1867 1205 2 0 183662 0.1
1708 1566 68 1869 1287 2 0 202102 0.1
1709 1568 69 1870 1295 2 0 203587 0.1
1710 1536 72 1870 1243 2 0 191162 0.1
1711 1564 63 1870 1296 2 0 203914 0.1
1712 1566 58 1870 1291 2 0 202510 0.1
1713 1545 59 1870 1258 2 0 193547 0.1
1714 1567 67 1870 1288 2 0 202118 0.1
1715 1555 60 1871 1281 2 0 200863 0.1
1716 1544 51 1871 1262 2 0 194838 0.1
1717 1564 54 1871 1288 2 0 202679 0.1
1718 1557 57 1871 1288 2 0 201414 0.1
1719 1544 58 1871 1257 2 0 193864 0.1
1720 1583 57 1871 1318 2 0 208299 0.1
1721 1538 60 1871 1249 2 0 192739 0.1
1722 1552 66 1872 1279 2 0 197875 0.1
1723 1543 65 1872 1260 2 0 192854 0.1
1724 1529 69 1872 1234 2 0 188323 0.1
1725 1535 71 1874 1243 2 0 189879 0.1
1726 1547 61 1876 1260 2 0 194700 0.1
1727 1570 66 1876 1292 2 0 203004 0.1
1728 1553 61 1876 1269 2 0 197036 0.1
1729 1560 64 1877 1284 2 0 199592 0.1
1730 1544 61 1877 1264 2 0 194306 0.1
1731 1529 64 1877 1240 2 0 190253 0.1
1732 1552 66 1879 1275 2 0 197791 0.1
1733 1542 62 1880 1258 2 0 193455 0.1
1734 1567 61 1881 1298 2 0 203574 0.1
1735 1577 64 1882 1311 2 0 206923 0.1
1736 1551 67 1882 1276 2 0 198071 0.1
1737 1554 60 1883 1284 2 0 198694 0.1
1738 1539 64 1885 1256 2 0 193562 0.1
1739 1534 63 1885 1238 2 0 188446 0.1
1740 1521 65 1886 1223 2 0 185983 0.1
1741 1538 59 1886 1240 2 0 190674 0.1
1742 1559 71 1886 1280 2 0 198700 0.1
1743 1554 64 1886 1268 2 0 196537 0.1
1744 1541 74 1887 1245 2 0 190330 0.1
1745 1549 71 1890 1268 2 0 195888 0.1
1746 1545 61 1890 1257 2 0 195360 0.1
1747 1557 64 1890 1270 2 0 199480 0.1
1748 1549 63 1891 1265 2 0 196248 0.1
1749 1564 63 1891 1289 2 0 203033 0.1
1750 1543 62 1891 1258 2 0 194401 0.1
1751 1562 61 1892 1285 2 0 201596 0.1
1752 1538 59 1892 1249 2 0 193629 0.1
1753 1562 69 1892 1285 2 0 201945 0.1
1754 1509 74 1893 1198 2 0 181173 0.1
1755 1554 65 1893 1272 2 0 198040 0.1
1756 1538 62 1894 1250 2 0 193297 0.1
1757 1553 63 1895 1271 2 0 198897 0.1
1758 1573 65 1895 1298 2 0 204922 0.1
1759 1550 69 1896 1280 2 0 198604 0.1
1760 1547 72 1896 1264 2 0 195830 0.1
1761 1540 70 1896 1256 2 0 193326 0.1
1762 1562 62 1897 1291 2 0 201373 0.1
1763 1559 65 1897 1284 2 0 201077 0.1
1764 1563 59 1897 1283 2 0 201223 0.1
1765 1575 57 1897 1317 2 0 208369 0.1
1766 1553 62 1897 1282 2 0 200083 0.1
1767 1538 65 1897 1245 2 0 191812 0.1
1768 1534 66 1898 1236 2 0 190352 0.1
1769 1540 60 1898 1253 2 0 193721 0.1
1770 1546 56 1899 1261 2 0 194744 0.1
1771 1557 61 1899 1278 2 0 198331 0.1
1772 1564 66 1901 1287 2 0 199694 0.1
1773 1549 68 1902 1264 2 0 196000 0.1
1774 1534 69 1903 1243 2 0 190559 0.1
1775 1530 69 1903 1235 2 0 189512 0.1
1776 1560 69 1903 1280 2 0 199863 0.1
1777 1561 68 1903 1285 2 0 200447 0.1
1778 1536 70 1903 1254 2 0 193911 0.1
1779 1548 64 1903 1269 2 0 195659 0.1
1780 1529 64 1903 1241 2 0 189476 0.1
1781 1548 70 1904 1267 2 0 195874 0.1
1782 1547 66 1904 1260 2 0 194449 0.1
1783 1548 71 1904 1271 2 0 196710 0.1
1784 1573 67 1904 1302 2 0 205713 0.1
1785 1548 71 1904 1267 2 0 197074 0.1
1786 1572 62 1904 1309 2 0 205297 0.1
1787 1589 58 1904 1331 2 0 211312 0.1
1788 1571 59 1904 1311 2 0 207409 0.1
1789 1567 66 1905 1301 2 0 204377 0.1
1790 1558 68 1905 1293 2 0 202175 0.1
1791 1545 64 1906 1261 2 0 194746 0.1
1792 1563 59 1906 1292 2 0 201644 0.1
1793 1555 60 1909 1286 2 0 200969 0.1
1794 1539 68 1910 1257 2 0 193546 0.1
1795 1568 61 1910 1301 2 0 203831 0.1
1796 1574 65 1910 1310 2 0 205307 0.1
1797 1553 60 1910 1272 2 0 197140 0.1
1798 1586 63 1910 1328 2 0 210359 0.1
1799 1572 75 1910 1311 2 0 205349 0.1
1800 1534 73 1911 1250 2 0 190191 0.1
1801 1530 67 1913 1243 2 0 189658 0.1
1802 1538 62 1913 1251 2 0 192486 0.1
1803 1559 65 1914 1278 2 0 199356 0.1
1804 1534 67 1914 1240 2 0 190676 0.1
1805 1520 71 1914 1219 2 0 187148 0.1
1806 1535 68 1916 1236 2 0 190606 0.1
1807 1578 69 1917 1310 2 0 207696 0.1
1808 1575 63 1917 1302 2 0 204923 0.1
1809 1555 64 1917 1269 2 0 197084 0.1
1810 1557 63 1918 1281 2 0 200099 0.1
1811 1578 63 1918 1311 2 0 205877 0.1
1812 1578 63 1918 1316 2 0 207616 0.1
1813 1533 67 1918 1242 2 0 189784 0.1
1814 1524 61 1918 1233 2 0 187396 0.1
1815 1547 70 1918 1260 2 0 195216 0.1
1816 1561 73 1920 1284 2 0 200316 0.1
1817 1553 75 1920 1273 2 0 198347 0.1
1818 1548 73 1921 1266 2 0 196411 0.1
1819 1575 73 1921 1317 2 0 206932 0.1
1820 1561 62 1923 1291 2 0 199588 0.1
1821 1536 69 1923 1249 2 0 190853 0.1
1822 1511 64 1924 1209 2 0 182806 0.1
1823 1536 66 1924 1244 2 0 190706 0.1
1824 1539 65 1925 1253 2 0 191955 0.1
1825 1518 68 1925 1216 2 0 184669 0.1
1826 1521 70 1925 1222 2 0 185186 0.1
1827 1531 66 1925 1240 2 0 188828 0.1
1828 1544 60 1925 1269 2 0 195214 0.1
1829 1555 69 1926 1287 2 0 198950 0.1
1830 1562 76 1926 1285 2 0 200585 0.1
1831 1547 69 1926 1258 2 0 194381 0.1
1832 1571 60 1926 1302 2 0 205209 0.1
1833 1557 52 1926 1278 2 0 199732 0.1
1834 1551 63 1927 1276 2 0 198292 0.1
1835 1563 65 1927 1293 2 0 203040 0.1
1836 1541 66 1929 1256 2 0 195015 0.1
1837 1537 65 1930 1244 2 0 191791 0.1
1838 1524 81 1931 1228 2 0 186321 0.1
1839 1523 64 1932 1230 2 0 185898 0.1
1840 1543 67 1933 1259 2 0 193830 0.1
1841 1554 63 1934 1275 2 0 198220 0.1
1842 1560 61 1934 1276 2 0 200490 0.1
1843 1537 65 1935 1242 2 0 190124 0.1
1844 1518 65 1935 1211 2 0 183257 0.1
1845 1526 71 1935 1233 2 0 188322 0.1
1846 1563 72 1935 1295 2 0 202931 0.1
1847 1582 62 1936 1322 2 0 209942 0.1
1848 1533 63 1936 1246 2 0 190661 0.1
1849 1529 61 1938 1231 2 0 188572 0.1
1850 1530 65 1938 1233 2 0 188652 0.1
1851 1539 67 1938 1252 2 0 191263 0.1
1852 1542 63 1938 1264 2 0 194688 0.1
1853 1535 65 1938 1250 2 0 190514 0.1
1854 1554 62 1938 1277 2 0 199517 0.1
1855 1553 59 1938 1266 2 0 195130 0.1
1856 1543 74 1939 1266 2 0 195420 0.1
1857 1546 72 1941 1271 2 0 196347 0.1
1858 1571 66 1941 1303 2 0 203607 0.1
1859 1530 62 1941 1242 2 0 188873 0.1
1860 1535 59 1942 1247 2 0 190600 0.1
1861 1545 57 1942 1259 2 0 195113 0.1
1862 1566 61 1942 1289 2 0 202615 0.1
1863 1533 64 1942 1246 2 0 191546 0.1
1864 1544 67 1942 1263 2 0 195329 0.1
1865 1525 68 1942 1230 2 0 189016 0.1
1866 1547 63 1942 1264 2 0 196389 0.1
1867 1550 61 1942 1270 2 0 196719 0.1
1868 1546 64 1943 1259 2 0 195714 0.1
1869 1533 71 1943 1244 2 0 191322 0.1
1870 1519 70 1943 1221 2 0 186841 0.1
1871 1536 68 1945 1239 2 0 191217 0.1
1872 1550 68 1945 1270 2 0 198869 0.1
1873 1576 60 1945 1308 2 0 206930 0.1
1874 1563 68 1945 1291 2 0 201944 0.1
1875 1556 77 1946 1270 2 0 195944 0.1
1876 1563 64 1946 1284 2 0 200314 0.1
1877 1526 63 1946 1230 2 0 187564 0.1
1878 1524 61 1947 1226 2 0 188458 0.1
1879 1562 64 1947 1286 2 0 201952 0.1
1880 1537 65 1948 1246 2 0 190945 0.1
1881 1551 60 1948 1278 2 0 197966 0.1
1882 1548 58 1948 1268 2 0 197422 0.1
1883 1556 56 1948 1276 2 0 199079 0.1
1884 1533 63 1948 1234 2 0 189839 0.1
1885 1544 52 1949 1253 2 0 192301 0.1
1886 1551 59 1950 1268 2 0 196469 0.1
1887 1583 57 1950 1324 2 0 209815 0.1
1888 1544 61 1952 1260 2 0 195520 0.1
1889 1548 64 1952 1261 2 0 195366 0.1
1890 1544 59 1952 1259 2 0 194914 0.1
1891 1544 66 1953 1257 2 0 194846 0.1
1892 1567 60 1956 1295 2 0 201449 0.1
1893 1546 61 1956 1268 2 0 194081 0.1
1894 1561 67 1956 1293 2 0 201013 0.1
1895 1576 64 1957 1311 2 0 207455 0.1
1896 1598 61 1957 1353 2 0 215355 0.1
1897 1550 61 1958 1270 2 0 196575 0.1
1898 1558 59 1960 1280 2 0 198911 0.1
1899 1554 74 1960 1269 2 0 197320 0.1
1900 1553 64 1962 1264 2 0 195493 0.1
1901 1536 76 1962 1245 2 0 191283 0.1
1902 1534 75 1962 1242 2 0 191070 0.1
1903 1560 72 1963 1280 2 0 199552 0.1
1904 1560 68 1963 1287 2 0 201145 0.1
1905 1584 66 1965 1328 2 0 210369 0.1
1906 1544 61 1966 1261 2 0 195009 0.1
1907 1524 68 1966 1231 2 0 188540 0.1
1908 1559 57 1967 1277 2 0 199487 0.1
1909 1612 58 1967 1361 2 0 218666 0.1
1910 1548 62 1967 1263 2 0 197065 0.1
1911 1536 63 1969 1247 2 0 192952 0.1
1912 1527 68 1969 1233 2 0 188931 0.1
1913 1563 68 1969 1282 2 0 200487 0.1
1914 1548 61 1970 1261 2 0 195126 0.1
1915 1553 67 1970 1274 2 0 198772 0.1
1916 1531 63 1970 1241 2 0 190062 0.1
1917 1548 67 1970 1265 2 0 196738 0.1
1918 1577 74 1970 1312 2 0 208358 0.1
1919 1548 67 1970 1265 2 0 196348 0.1
1920 1550 68 1970 1274 2 0 196646 0.1
1921 1537 71 1970 1245 2 0 190503 0.1
1922 1552 66 1970 1276 2 0 198602 0.1
1923 1550 60 1970 1272 2 0 197639 0.1
1924 1552 66 1970 1277 2 0 199690 0.1
1925 1541 64 1971 1256 2 0 194918 0.1
1926 1576 70 1971 1306 2 0 205429 0.1
1927 1574 66 1972 1304 2 0 204893 0.1
1928 1535 73 1972 1251 2 0 192284 0.1
1929 1550 69 1972 1271 2 0 198229 0.1
1930 1565 70 1973 1297 2 0 203189 0.1
1931 1556 68 1974 1278 2 0 198297 0.1
1932 1517 66 1974 1216 2 0 184140 0.1
1933 1529 79 1974 1243 2 0 189193 0.1
1934 1559 63 1975 1287 2 0 199822 0.1
1935 1552 59 1975 1272 2 0 197064 0.1
1936 1567 58 1977 1301 2 0 203320 0.1
1937 1547 70 1977 1265 2 0 195390 0.1
1938 1565 66 1977 1294 2 0 202488 0.1
1939 1525 69 1978 1235 2 0 188002 0.1
1940 1544 68 1979 1257 2 0 194578 0.1
1941 1535 63 1979 1243 2 0 190465 0.1
1942 1543 60 1979 1251 2 0 193026 0.1
1943 1566 60 1979 1287 2 0 201285 0.1
1944 1546 66 1979 1263 2 0 194936 0.1
1945 1547 63 1979 1262 2 0 196283 0.1
1946 1544 61 1979 1261 2 0 195148 0.1
1947 1543 59 1979 1258 2 0 194787 0.1
1948 1535 67 1979 1248 2 0 191858 0.1
1949 1544 72 1979 1257 2 0 194208 0.1
1950 1566 71 1979 1291 2 0 201008 0.1
1951 1568 67 1979 1300 2 0 204254 0.1
1952 1575 70 1979 1315 2 0 208399 0.1
1953 1563 66 1981 1277 2 0 201112 0.1
1954 1540 71 1982 1244 2 0 192076 0.1
1955 1521 72 1983 1225 2 0 188090 0.1
1956 1535 65 1985 1242 2 0 192612 0.1
1957 1523 68 1986 1221 2 0 187890 0.1
1958 1541 65 1986 1249 2 0 193104 0.1
1959 1521 66 1986 1222 2 0 186494 0.1
1960 1537 65 1986 1243 2 0 191203 0.1
1961 1531 61 1986 1231 2 0 189878 0.1
1962 1568 60 1986 1297 2 0 204049 0.1
1963 1554 64 1986 1282 2 0 200462 0.1
1964 1558 69 1988 1286 2 0 200230 0.1
1965 1542 70 1988 1255 2 0 193359 0.1
1966 1534 69 1988 1246 2 0 191292 0.1
1967 1569 65 1988 1297 2 0 203416 0.1
1968 1572 69 1989 1295 2 0 204031 0.1
1969 1557 69 1989 1278 2 0 199726 0.1
1970 1558 71 1989 1283 2 0 200396 0.1
1971 1521 67 1990 1221 2 0 186163 0.1
1972 1542 72 1990 1258 2 0 193565 0.1
1973 1557 65 1990 1282 2 0 200470 0.1
1974 1551 65 1990 1269 2 0 197291 0.1
1975 1558 63 1990 1282 2 0 200048 0.1
1976 1523 64 1990 1234 2 0 188037 0.1
1977 1556 65 1990 1281 2 0 199075 0.1
1978 1557 59 1990 1275 2 0 198271 0.1
1979 1531 66 1991 1232 2 0 188698 0.1
1980 1572 65 1992 1300 2 0 205426 0.1
1981 1588 58 1992 1330 2 0 211666 0.1
1982 1595 61 1992 1342 2 0 214481 0.1
1983 1557 70 1993 1274 2 0 198475 0.1
1984 1569 65 1994 1291 2 0 202436 0.1
1985 1542 65 1995 1264 2 0 196094 0.1
1986 1545 61 1995 1253 2 0 194305 0.1
1987 1531 71 1995 1252 2 0 193621 0.1
1988 1577 57 1995 1314 2 0 207548 0.1
1989 1554 66 1995 1284 2 0 199885 0.1
1990 1534 69 1995 1241 2 0 190240 0.1
1991 1564 62 1995 1284 2 0 200396 0.1
1992 1526 64 1996 1232 2 0 188010 0.1
1993 1530 65 1996 1234 2 0 189670 0.1
1994 1555 64 1996 1275 2 0 197569 0.1
1995 1537 67 1997 1240 2 0 190526 0.1
1996 1566 70 1997 1289 2 0 200468 0.1
1997 1567 66 1997 1296 2 0 201366 0.1
1998 1572 60 1998 1302 2 0 203225 0.1
1999 1549 60 1999 1267 2 0 196043 0.1
2000 1539 67 1999 1252 2 0 192264 0.1
2001 1567 60 1999 1286 2 0 201225 0.1
2002 1587 57 2000 1323 2 0 210241 0.1
2003 1535 59 2000 1239 2 0 190456 0.1
2004 1538 54 2000 1244 2 0 191181 0.1
2005 1536 57 2000 1246 2 0 191540 0.1
2006 1558 65 2000 1276 2 0 199210 0.1
2007 1550 70 2000 1258 2 0 195663 0.1
2008 1543 63 2001 1249 2 0 193627 0.1
2009 1536 55 2001 1242 2 0 192056 0.1
2010 1561 58 2001 1286 2 0 199929 0.1
2011 1577 60 2002 1307 2 0 205967 0.1
2012 1553 69 2003 1262 2 0 196558 0.1
2013 1543 59 2004 1258 2 0 194705 0.1
2014 1551 61 2005 1276 2 0 199124 0.1
2015 1580 61 2006 1314 2 0 207308 0.1
2016 1547 66 2006 1269 2 0 196183 0.1
2017 1553 62 2006 1269 2 0 197179 0.1
2018 1545 62 2006 1258 2 0 193856 0.1
2019 1506 64 2006 1201 2 0 180684 0.1
2020 1512 67 2006 1197 2 0 180405 0.1
2021 1555 64 2006 1278 2 0 200366 0.1
2022 1565 56 2006 1292 2 0 202326 0.1
2023 1548 59 2006 1274 2 0 198083 0.1
2024 1579 63 2007 1317 2 0 209367 0.1
2025 1539 65 2007 1253 2 0 193622 0.1
2026 1550 67 2007 1273 2 0 197098 0.1
2027 1536 59 2007 1247 2 0 192722 0.1
2028 1538 69 2007 1248 2 0 192840 0.1
2029 1501 64 2007 1187 2 0 179364 0.1
2030 1554 61 2008 1268 2 0 198013 0.1
2031 1575 59 2008 1315 2 0 206767 0.1
2032 1557 65 2010 1288 2 0 200065 0.1
2033 1543 76 2010 1253 2 0 192239 0.1
2034 1531 63 2010 1236 2 0 190317 0.1
2035 1546 67 2010 1267 2 0 195963 0.1
2036 1557 68 2010 1279 2 0 198671 0.1
2037 1576 70 2011 1317 2 0 208366 0.1
2038 1568 68 2011 1298 2 0 204078 0.1
2039 1538 73 2011 1248 2 0 192328 0.1
2040 1556 72 2012 1277 2 0 199983 0.1
2041 1571 70 2012 1301 2 0 204838 0.1
2042 1578 67 2012 1316 2 0 207036 0.1
2043 1554 59 2012 1276 2 0 198511 0.1
2044 1529 66 2012 1228 2 0 187613 0.1
2045 1529 62 2012 1240 2 0 189013 0.1
2046 1544 65 2012 1262 2 0 194712 0.1
2047 1535 65 2012 1243 2 0 190296 0.1
2048 1559 66 2012 1283 2 0 200245 0.1
2049 1531 69 2012 1242 2 0 189650 0.1
2050 1549 65 2012 1269 2 0 197495 0.1
2051 1554 69 2013 1273 2 0 198881 0.1
2052 1575 71 2013 1300 2 0 204888 0.1
2053 1547 67 2014 1266 2 0 196611 0.1
2054 1576 63 2014 1309 2 0 206428 0.1
2055 1559 63 2014 1277 2 0 199128 0.1
2056 1569 58 2014 1302 2 0 203737 0.1
2057 1552 65 2014 1275 2 0 198028 0.1
2058 1529 64 2014 1239 2 0 190958 0.1
2059 1531 71 2014 1235 2 0 189345 0.1
2060 1534 74 2014 1243 2 0 191241 0.1
2061 1564 62 2014 1283 2 0 203169 0.1
2062 1590 52 2014 1333 2 0 212356 0.1
2063 1554 68 2014 1276 2 0 199072 0.1
2064 1565 63 2014 1293 2 0 202363 0.1
2065 1569 61 2014 1297 2 0 203792 0.1
2066 1535 56 2014 1236 2 0 190478 0.1
2067 1541 64 2015 1243 2 0 192363 0.1
2068 1529 64 2015 1228 2 0 187395 0.1
2069 1544 61 2016 1268 2 0 196381 0.1
2070 1554 69 2016 1274 2 0 197744 0.1
2071 1575 71 2016 1308 2 0 204326 0.1
2072 1565 64 2016 1295 2 0 202826 0.1
2073 1571 63 2016 1306 2 0 205339 0.1
2074 1559 60 2017 1286 2 0 199823 0.1
2075 1568 61 2017 1297 2 0 203555 0.1
2076 1557 63 2017 1271 2 0 198776 0.1
2077 1538 67 2017 1244 2 0 191497 0.1
2078 1543 62 2020 1258 2 0 193814 0.1
2079 1567 61 2020 1288 2 0 201285 0.1
2080 1570 52 2020 1298 2 0 205265 0.1
2081 1567 60 2020 1297 2 0 204308 0.1
2082 1542 66 2020 1262 2 0 196523 0.1
2083 1529 66 2020 1237 2 0 189178 0.1
2084 1537 65 2020 1243 2 0 192572 0.1
2085 1520 60 2021 1209 2 0 185263 0.1
2086 1542 60 2021 1261 2 0 196085 0.1
2087 1549 69 2021 1266 2 0 195857 0.1
2088 1523 66 2021 1225 2 0 186972 0.1
2089 1564 69 2021 1283 2 0 199745 0.1
2090 1556 65 2021 1281 2 0 199503 0.1
2091 1541 63 2021 1255 2 0 194886 0.1
2092 1540 72 2022 1250 2 0 194388 0.1
2093 1535 59 2022 1235 2 0 190770 0.1
2094 1516 68 2022 1220 2 0 185314 0.1
2095 1565 66 2023 1294 2 0 201650 0.1
2096 1556 60 2024 1285 2 0 198567 0.1
2097 1545 58 2025 1265 2 0 195624 0.1
2098 1541 56 2025 1256 2 0 194749 0.1
2099 1538 60 2025 1253 2 0 192790 0.1
2100 1531 70 2025 1239 2 0 190031 0.1
2101 1515 72 2025 1207 2 0 183473 0.1
2102 1520 71 2025 1213 2 0 185807 0.1
2103 1503 69 2026 1190 2 0 179573 0.1
2104 1517 65 2026 1214 2 0 184670 0.1
2105 1512 65 2026 1212 2 0 183152 0.1
2106 1531 64 2027 1236 2 0 190854 0.1
2107 1549 71 2027 1262 2 0 195059 0.1
2108 1559 66 2027 1278 2 0 200177 0.1
2109 1568 62 2027 1286 2 0 202107 0.1
2110 1543 69 2029 1249 2 0 193444 0.1
2111 1577 64 2029 1312 2 0 205853 0.1
2112 1568 68 2029 1297 2 0 204069 0.1
2113 1565 65 2030 1297 2 0 204452 0.1
2114 1593 74 2030 1330 2 0 211125 0.1
2115 1575 65 2031 1304 2 0 204618 0.1
2116 1561 65 2032 1281 2 0 200872 0.1
2117 1579 66 2032 1302 2 0 206412 0.1
2118 1565 64 2032 1290 2 0 202671 0.1
2119 1542 67 2032 1263 2 0 195736 0.1
2120 1573 54 2033 1303 2 0 204786 0.1
2121 1576 69 2034 1317 2 0 207833 0.1
2122 1554 66 2034 1277 2 0 199425 0.1
2123 1565 60 2034 1295 2 0 203596 0.1
2124 1569 64 2035 1289 2 0 203100 0.1
2125 1550 66 2035 1263 2 0 195532 0.1
2126 1576 65 2035 1305 2 0 206432 0.1
2127 1570 67 2035 1305 2 0 205765 0.1
2128 1557 63 2035 1275 2 0 198936 0.1
2129 1563 60 2035 1297 2 0 204105 0.1
2130 1546 61 2035 1270 2 0 197218 0.1
2131 1574 67 2035 1309 2 0 206385 0.1
2132 1557 67 2037 1279 2 0 199073 0.1
2133 1535 57 2037 1249 2 0 193005 0.1
2134 1527 67 2037 1231 2 0 189748 0.1
2135 1542 65 2037 1252 2 0 193014 0.1
2136 1540 66 2037 1244 2 0 190314 0.1
2137 1565 68 2037 1295 2 0 202921 0.1
2138 1552 70 2037 1278 2 0 197556 0.1
2139 1570 70 2037 1293 2 0 201667 0.1
2140 1565 71 2037 1294 2 0 202219 0.1
2141 1551 70 2037 1265 2 0 196191 0.1
2142 1535 73 2037 1246 2 0 191203 0.1
2143 1582 69 2038 1322 2 0 208381 0.1
2144 1558 68 2039 1287 2 0 201240 0.1
2145 1572 72 2039 1303 2 0 204589 0.1
2146 1530 64 2039 1229 2 0 187841 0.1
2147 1538 63 2039 1250 2 0 191281 0.1
2148 1532 67 2040 1240 2 0 188708 0.1
2149 1557 61 2040 1274 2 0 199166 0.1
2150 1581 67 2041 1313 2 0 207102 0.1
2151 1567 67 2042 1296 2 0 204780 0.1
2152 1540 60 2042 1263 2 0 195148 0.1
2153 1554 60 2042 1275 2 0 197852 0.1
2154 1566 68 2042 1290 2 0 201549 0.1
2155 1553 64 2042 1272 2 0 198305 0.1
2156 1568 60 2042 1290 2 0 202518 0.1
2157 1545 64 2042 1256 2 0 194128 0.1
2158 1567 64 2044 1298 2 0 203525 0.1
2159 1562 59 2044 1289 2 0 202501 0.1
2160 1560 68 2044 1276 2 0 200465 0.1
2161 1517 67 2044 1214 2 0 184862 0.1
2162 1559 64 2046 1280 2 0 199570 0.1
2163 1549 64 2046 1265 2 0 196455 0.1
2164 1520 63 2048 1220 2 0 186023 0.1
2165 1550 58 2049 1281 2 0 199454 0.1
2166 1568 59 2049 1299 2 0 203657 0.1
2167 1546 66 2049 1267 2 0 196617 0.1
2168 1568 57 2049 1297 2 0 203786 0.1
2169 1570 58 2049 1300 2 0 204030 0.1
2170 1578 55 2049 1313 2 0 207487 0.1
2171 1585 57 2051 1322 2 0 209027 0.1
2172 1562 59 2051 1293 2 0 202759 0.1
2173 1569 60 2052 1308 2 0 204630 0.1
2174 1578 61 2053 1314 2 0 206550 0.1
2175 1570 64 2053 1302 2 0 206264 0.1
2176 1583 67 2053 1311 2 0 206760 0.1
2177 1563 63 2053 1284 2 0 201290 0.1
2178 1544 62 2053 1266 2 0 195549 0.1
2179 1525 70 2053 1237 2 0 188336 0.1
2180 1513 71 2053 1207 2 0 182664 0.1
2181 1527 74 2055 1226 2 0 187928 0.1
2182 1554 63 2055 1272 2 0 197246 0.1
2183 1557 62 2055 1278 2 0 200518 0.1
2184 1544 66 2055 1250 2 0 194755 0.1
2185 1582 64 2058 1321 2 0 211597 0.1
2186 1599 64 2058 1352 2 0 217107 0.1
2187 1586 70 2058 1330 2 0 212895 0.1
2188 1537 75 2058 1247 2 0 191656 0.1
2189 1528 63 2058 1225 2 0 187646 0.1
2190 1567 63 2058 1286 2 0 201624 0.1
2191 1552 70 2058 1273 2 0 198387 0.1
2192 1523 76 2058 1218 2 0 186805 0.1
2193 1554 79 2059 1272 2 0 198603 0.1
2194 1519 73 2059 1231 2 0 188614 0.1
2195 1584 63 2059 1328 2 0 210388 0.1
2196 1540 66 2059 1252 2 0 192882 0.1
2197 1547 58 2059 1257 2 0 194277 0.1
2198 1563 59 2059 1292 2 0 202031 0.1
2199 1569 58 2059 1295 2 0 204916 0.1
2200 1570 58 2059 1295 2 0 204129 0.1
2201 1540 61 2059 1250 2 0 193788 0.1
2202 1535 63 2059 1244 2 0 191476 0.1
2203 1585 59 2061 1334 2 0 210869 0.1
2204 1555 66 2061 1277 2 0 198900 0.1
2205 1538 62 2061 1250 2 0 193037 0.1
2206 1548 64 2062 1270 2 0 196685 0.1
2207 1555 61 2063 1277 2 0 198824 0.1
2208 1533 65 2063 1240 2 0 190777 0.1
2209 1529 66 2064 1239 2 0 190360 0.1
2210 1560 67 2064 1284 2 0 199806 0.1
2211 1530 65 2064 1239 2 0 190185 0.1
2212 1545 70 2065 1260 2 0 195419 0.1
2213 1534 62 2065 1246 2 0 190933 0.1
2214 1528 68 2065 1244 2 0 190183 0.1
2215 1525 63 2067 1227 2 0 186685 0.1
2216 1534 62 2067 1245 2 0 191854 0.1
2217 1572 59 2067 1296 2 0 204196 0.1
2218 1532 66 2069 1248 2 0 192251 0.1
2219 1555 68 2069 1283 2 0 199744 0.1
2220 1563 60 2069 1290 2 0 200186 0.1
2221 1585 64 2069 1328 2 0 209405 0.1
2222 1576 64 2070 1301 2 0 203832 0.1
2223 1574 60 2070 1317 2 0 206479 0.1
2224 1548 59 2071 1264 2 0 195164 0.1
2225 1545 64 2071 1264 2 0 196281 0.1
2226 1549 67 2072 1262 2 0 196747 0.1
2227 1554 71 2074 1264 2 0 197076 0.1
2228 1544 66 2075 1257 2 0 194778 0.1
2229 1531 72 2075 1241 2 0 190627 0.1
2230 1579 62 2075 1329 2 0 210617 0.1
2231 1574 63 2075 1311 2 0 205815 0.1
2232 1561 61 2075 1290 2 0 203266 0.1
2233 1567 56 2075 1294 2 0 202615 0.1
2234 1521 63 2075 1229 2 0 188802 0.1
2235 1517 73 2075 1224 2 0 186947 0.1
2236 1523 70 2076 1227 2 0 187836 0.1
2237 1555 63 2076 1271 2 0 197748 0.1
2238 1527 68 2077 1232 2 0 187856 0.1
2239 1534 62 2077 1248 2 0 190993 0.1
2240 1588 67 2077 1336 2 0 211200 0.1
2241 1536 71 2078 1248 2 0 191782 0.1
2242 1547 73 2078 1263 2 0 196600 0.1
2243 1545 70 2079 1264 2 0 195752 0.1
2244 1558 68 2079 1277 2 0 198878 0.1
2245 1562 61 2079 1278 2 0 200951 0.1
2246 1554 62 2079 1267 2 0 197969 0.1
2247 1562 61 2079 1281 2 0 200741 0.1
2248 1546 63 2080 1256 2 0 193815 0.1
2249 1504 65 2080 1207 2 0 181819 0.1
2250 1556 64 2080 1276 2 0 198893 0.1
2251 1523 68 2082 1233 2 0 188245 0.1
2252 1516 58 2083 1219 2 0 183847 0.1
2253 1526 63 2083 1231 2 0 188601 0.1
2254 1560 61 2084 1284 2 0 200050 0.1
2255 1548 59 2084 1269 2 0 196214 0.1
2256 1583 60 2084 1324 2 0 210324 0.1
2257 1570 64 2084 1304 2 0 205702 0.1
2258 1545 63 2084 1263 2 0 196811 0.1
2259 1566 62 2084 1295 2 0 202100 0.1
2260 1568 65 2084 1311 2 0 205275 0.1
2261 1559 61 2084 1287 2 0 199913 0.1
2262 1579 57 2086 1313 2 0 206807 0.1
2263 1520 63 2086 1227 2 0 187765 0.1
2264 1557 55 2086 1272 2 0 197971 0.1
2265 1538 69 2087 1243 2 0 192727 0.1
2266 1518 76 2089 1212 2 0 185029 0.1
2267 1550 67 2089 1270 2 0 197209 0.1
2268 1568 66 2089 1303 2 0 205080 0.1
2269 1534 72 2089 1255 2 0 193598 0.1
2270 1558 65 2089 1286 2 0 201153 0.1
2271 1576 66 2089 1307 2 0 206085 0.1
2272 1555 62 2089 1279 2 0 198302 0.1
2273 1538 66 2090 1251 2 0 191500 0.1
2274 1533 65 2091 1246 2 0 189932 0.1
2275 1552 73 2091 1276 2 0 197802 0.1
2276 1557 70 2091 1279 2 0 199085 0.1
2277 1582 71 2091 1323 2 0 210471 0.1
2278 1579 73 2092 1305 2 0 206683 0.1
2279 1566 71 2093 1284 2 0 200398 0.1
2280 1545 67 2093 1259 2 0 195859 0.1
2281 1551 65 2093 1271 2 0 196999 0.1
2282 1546 62 2093 1268 2 0 196273 0.1
2283 1555 69 2093 1275 2 0 199249 0.1
2284 1543 66 2093 1261 2 0 196543 0.1
2285 1544 71 2094 1262 2 0 194084 0.1
2286 1526 67 2094 1234 2 0 189024 0.1
2287 1537 67 2094 1239 2 0 189748 0.1
2288 1548 64 2094 1275 2 0 198427 0.1
2289 1565 62 2095 1293 2 0 201743 0.1
2290 1546 67 2095 1266 2 0 195961 0.1
2291 1545 63 2096 1262 2 0 195491 0.1
2292 1568 59 2097 1298 2 0 202221 0.1
2293 1542 63 2097 1254 2 0 193341 0.1
2294 1551 69 2097 1271 2 0 196627 0.1
2295 1542 71 2098 1257 2 0 194561 0.1
2296 1557 65 2098 1281 2 0 201707 0.1
2297 1532 64 2099 1238 2 0 189527 0.1
2298 1546 60 2100 1260 2 0 195292 0.1
2299 1564 69 2100 1288 2 0 202166 0.1
2300 1549 73 2101 1256 2 0 194898 0.1
2301 1557 70 2101 1273 2 0 198878 0.1
2302 1554 62 2101 1267 2 0 198302 0.1
2303 1556 62 2101 1284 2 0 201721 0.1
2304 1571 61 2102 1299 2 0 203699 0.1
2305 1548 68 2102 1269 2 0 197284 0.1
2306 1534 73 2102 1250 2 0 191182 0.1
2307 1525 70 2102 1231 2 0 188214 0.1
2308 1552 65 2102 1267 2 0 197258 0.1
2309 1531 61 2102 1240 2 0 190745 0.1
2310 1568 64 2102 1288 2 0 201464 0.1
2311 1565 54 2102 1287 2 0 203699 0.1
2312 1578 57 2104 1307 2 0 206742 0.1
2313 1542 59 2104 1255 2 0 194653 0.1
2314 1508 64 2104 1193 2 0 181116 0.1
2315 1515 62 2104 1217 2 0 185079 0.1
2316 1519 57 2104 1211 2 0 186296 0.1
2317 1535 68 2104 1238 2 0 190030 0.1
2318 1509 65 2104 1199 2 0 180959 0.1
2319 1540 63 2104 1253 2 0 193236 0.1
2320 1583 67 2104 1325 2 0 209423 0.1
2321 1553 69 2105 1289 2 0 200954 0.1
2322 1553 72 2105 1268 2 0 197001 0.1
2323 1552 77 2105 1267 2 0 196510 0.1
2324 1554 69 2105 1275 2 0 198821 0.1
2325 1564 58 2105 1290 2 0 202771 0.1
2326 1552 66 2105 1263 2 0 196410 0.1
2327 1534 68 2105 1241 2 0 191974 0.1
2328 1555 69 2105 1273 2 0 198466 0.1
2329 1542 65 2105 1258 2 0 193908 0.1
2330 1543 64 2105 1261 2 0 195887 0.1
2331 1551 63 2106 1270 2 0 199096 0.1
2332 1546 63 2106 1260 2 0 196476 0.1
2333 1535 67 2106 1236 2 0 190774 0.1
2334 1519 68 2106 1219 2 0 184942 0.1
2335 1554 60 2106 1280 2 0 198434 0.1
2336 1551 64 2106 1286 2 0 198321 0.1
2337 1579 62 2106 1330 2 0 209271 0.1
2338 1557 74 2107 1280 2 0 199606 0.1
2339 1557 65 2107 1277 2 0 198852 0.1
2340 1540 72 2107 1253 2 0 193305 0.1
2341 1565 64 2107 1292 2 0 201324 0.1
2342 1549 69 2108 1270 2 0 196347 0.1
2343 1568 65 2109 1298 2 0 202494 0.1
2344 1561 68 2109 1291 2 0 202208 0.1
2345 1576 62 2109 1307 2 0 207350 0.1
2346 1541 60 2109 1268 2 0 196156 0.1
2347 1546 63 2110 1265 2 0 195796 0.1
2348 1539 68 2110 1255 2 0 193817 0.1
2349 1564 60 2110 1290 2 0 200807 0.1
2350 1545 72 2110 1254 2 0 193670 0.1
2351 1562 69 2111 1289 2 0 202012 0.1
2352 1547 69 2112 1261 2 0 196200 0.1
2353 1545 69 2113 1262 2 0 196654 0.1
2354 1546 70 2113 1276 2 0 198227 0.1
2355 1539 65 2114 1256 2 0 194522 0.1
2356 1523 64 2114 1222 2 0 186280 0.1
2357 1521 67 2115 1217 2 0 185392 0.1
2358 1529 66 2115 1236 2 0 189302 0.1
2359 1545 67 2116 1261 2 0 193747 0.1
2360 1531 68 2116 1242 2 0 189273 0.1
2361 1532 71 2116 1246 2 0 189394 0.1
2362 1556 74 2116 1275 2 0 197391 0.1
2363 1564 69 2116 1287 2 0 201069 0.1
2364 1558 61 2116 1278 2 0 199560 0.1
2365 1545 69 2116 1255 2 0 194363 0.1
2366 1538 64 2117 1251 2 0 195135 0.1
2367 1544 62 2118 1256 2 0 194501 0.1
2368 1555 62 2119 1271 2 0 198225 0.1
2369 1551 65 2119 1267 2 0 197822 0.1
2370 1561 61 2120 1273 2 0 199400 0.1
2371 1555 62 2120 1268 2 0 197048 0.1
2372 1560 69 2120 1279 2 0 200484 0.1
2373 1537 67 2120 1247 2 0 191618 0.1
2374 1524 69 2120 1231 2 0 187429 0.1
2375 1539 63 2120 1246 2 0 191735 0.1
2376 1541 63 2120 1251 2 0 193212 0.1
2377 1546 63 2120 1259 2 0 195647 0.1
2378 1535 70 2121 1241 2 0 190843 0.1
2379 1566 69 2121 1295 2 0 201965 0.1
2380 1570 60 2121 1295 2 0 203244 0.1
2381 1560 62 2121 1283 2 0 200207 0.1
2382 1575 67 2121 1307 2 0 205036 0.1
2383 1546 68 2121 1265 2 0 195365 0.1
2384 1551 63 2121 1269 2 0 197138 0.1
2385 1514 64 2121 1212 2 0 183243 0.1
2386 1520 67 2121 1219 2 0 187051 0.1
2387 1580 67 2122 1314 2 0 208454 0.1
2388 1562 74 2122 1288 2 0 201332 0.1
2389 1568 72 2122 1298 2 0 203119 0.1
2390 1563 66 2122 1290 2 0 201569 0.1
2391 1531 57 2122 1238 2 0 189523 0.1
2392 1558 70 2122 1289 2 0 200590 0.1
2393 1547 69 2122 1268 2 0 195709 0.1
2394 1530 63 2122 1245 2 0 191206 0.1
2395 1553 71 2122 1281 2 0 198101 0.1
2396 1545 73 2122 1263 2 0 195620 0.1
2397 1561 70 2122 1300 2 0 203619 0.1
2398 1536 63 2122 1253 2 0 192854 0.1
2399 1544 58 2122 1269 2 0 195407 0.1
2400 1561 64 2122 1288 2 0 201277 0.1
2401 1534 61 2123 1240 2 0 190275 0.1
2402 1553 69 2123 1272 2 0 197035 0.1
2403 1556 67 2123 1281 2 0 199335 0.1
2404 1551 64 2123 1263 2 0 195745 0.1
2405 1555 63 2123 1278 2 0 199509 0.1
2406 1575 76 2123 1308 2 0 206072 0.1
2407 1561 62 2124 1287 2 0 201836 0.1
2408 1556 59 2124 1280 2 0 199360 0.1
2409 1546 64 2125 1262 2 0 195557 0.1
2410 1539 67 2126 1244 2 0 190208 0.1
2411 1538 64 2127 1242 2 0 191241 0.1
2412 1555 64 2127 1278 2 0 198534 0.1
2413 1560 62 2127 1291 2 0 201652 0.1
2414 1560 64 2128 1284 2 0 200892 0.1
2415 1569 54 2128 1296 2 0 204012 0.1
2416 1538 67 2129 1237 2 0 189444 0.1
2417 1556 66 2129 1265 2 0 196601 0.1
2418 1550 64 2130 1262 2 0 196006 0.1
2419 1611 67 2130 1362 2 0 220214 0.1
2420 1566 60 2130 1288 2 0 202483 0.1
2421 1577 68 2130 1310 2 0 207513 0.1
2422 1553 67 2132 1274 2 0 198410 0.1
2423 1567 66 2132 1297 2 0 203028 0.1
2424 1567 64 2133 1299 2 0 203739 0.1
2425 1569 63 2134 1301 2 0 205042 0.1
2426 1559 81 2134 1286 2 0 201010 0.1
2427 1569 70 2135 1303 2 0 204226 0.1
2428 1562 74 2136 1291 2 0 200926 0.1
2429 1538 73 2136 1249 2 0 192336 0.1
2430 1534 75 2136 1245 2 0 191225 0.1
2431 1555 69 2139 1278 2 0 198091 0.1
2432 1565 61 2139 1287 2 0 201164 0.1
2433 1559 65 2139 1280 2 0 199893 0.1
2434 1559 69 2140 1293 2 0 201462 0.1
2435 1526 63 2140 1228 2 0 186666 0.1
2436 1548 63 2140 1262 2 0 195673 0.1
2437 1568 58 2140 1293 2 0 202798 0.1
2438 1523 64 2140 1219 2 0 185781 0.1
2439 1539 61 2140 1244 2 0 191896 0.1
2440 1539 65 2140 1246 2 0 191638 0.1
2441 1539 61 2140 1256 2 0 193047 0.1
2442 1551 57 2140 1269 2 0 196637 0.1
2443 1552 65 2141 1274 2 0 197236 0.1
2444 1574 68 2141 1303 2 0 204440 0.1
2445 1552 66 2142 1279 2 0 198151 0.1
2446 1551 61 2142 1279 2 0 197823 0.1
2447 1569 65 2142 1298 2 0 203065 0.1
2448 1558 62 2142 1285 2 0 199632 0.1
2449 1556 64 2142 1279 2 0 198917 0.1
2450 1559 71 2142 1282 2 0 199743 0.1
2451 1540 65 2142 1246 2 0 192118 0.1
2452 1563 67 2142 1287 2 0 200775 0.1
2453 1565 67 2143 1287 2 0 200569 0.1
2454 1557 64 2143 1272 2 0 197596 0.1
2455 1556 63 2143 1280 2 0 199140 0.1
2456 1561 62 2143 1287 2 0 200561 0.1
2457 1540 54 2143 1255 2 0 192482 0.1
2458 1514 67 2144 1211 2 0 182043 0.1
2459 1525 67 2144 1234 2 0 188077 0.1
2460 1553 70 2144 1275 2 0 198983 0.1
2461 1568 67 2144 1305 2 0 206573 0.1
2462 1539 61 2144 1246 2 0 193144 0.1
2463 1533 63 2144 1233 2 0 188997 0.1
2464 1529 64 2144 1225 2 0 189465 0.1
2465 1533 63 2144 1247 2 0 192790 0.1
2466 1530 57 2144 1226 2 0 189244 0.1
2467 1514 60 2144 1201 2 0 181380 0.1
2468 1538 59 2144 1242 2 0 191916 0.1
2469 1534 63 2144 1233 2 0 188722 0.1
2470 1526 74 2145 1211 2 0 186818 0.1
2471 1527 65 2146 1223 2 0 188469 0.1
2472 1530 68 2146 1230 2 0 189376 0.1
2473 1529 61 2147 1230 2 0 188309 0.1
2474 1561 55 2147 1282 2 0 200784 0.1
2475 1533 63 2147 1242 2 0 191340 0.1
2476 1558 58 2147 1287 2 0 201337 0.1
2477 1573 64 2147 1304 2 0 204833 0.1
2478 1565 55 2147 1290 2 0 201877 0.1
2479 1587 56 2148 1328 2 0 211451 0.1
2480 1580 60 2148 1320 2 0 207776 0.1
2481 1576 65 2148 1309 2 0 205566 0.1
2482 1512 63 2148 1213 2 0 182896 0.1
2483 1533 61 2148 1234 2 0 189066 0.1
2484 1546 58 2148 1266 2 0 196111 0.1
2485 1545 56 2148 1260 2 0 195085 0.1
2486 1540 58 2148 1258 2 0 193309 0.1
2487 1568 65 2148 1297 2 0 203600 0.1
2488 1550 61 2148 1266 2 0 197342 0.1
2489 1537 61 2148 1244 2 0 191269 0.1
2490 1520 70 2148 1219 2 0 186503 0.1
2491 1522 66 2148 1226 2 0 188222 0.1
2492 1511 65 2148 1203 2 0 182198 0.1
2493 1534 61 2149 1245 2 0 193475 0.1
2494 1563 57 2150 1287 2 0 201829 0.1
2495 1538 68 2151 1236 2 0 190264 0.1
2496 1534 66 2151 1236 2 0 190409 0.1
2497 1545 62 2151 1256 2 0 193958 0.1
2498 1503 60 2152 1190 2 0 178712 0.1
2499 1507 70 2152 1196 2 0 179989 0.1
2500 1524 69 2152 1228 2 0 186077 0.1
2501 1538 64 2152 1250 2 0 192609 0.1
2502 1556 69 2153 1282 2 0 200044 0.1
